Raw data JuMBO Systs: [ 11.  10.  17.  20.   9.  10.   9.  10.  14.  20.]
Median: 10.5
IQR Low: 0.5, IQR High: 5.75
Med. Survival Rate: 0.03888888888888889

Raw data New JuMBOs: [ 0.  1.  1.  0.  0.  0.  0.  0.  0.  0.]
Median: 0.0
IQR Low: 0.0, IQR High: 0.0

Raw data SS Systs: [ 166.  144.  199.  176.  173.  154.  166.  144.  147.  197.]
Median: 166.0
IQR Low: 17.25, IQR High: 9.25

Raw data JS Systs: [ 19.  15.  21.  17.  15.  21.  17.  12.  17.  21.]
Median: 17.0
IQR Low: 1.5, IQR High: 3.5

Raw data JS Semi-major: [124.69619189499059, 422.80186774540618, 391.40471624378955, 546.7232832937558, 744.62621597497048, 126.11495517798849, 319.22553836400755, 526.84168671767418, 313.5500560372214, 184.39683261365195, 688.69487843522757, 237.35627171314601, 827.46596640249288, 553.78952809122404, 830.85000989754894, 185.37733114898779, 760.63595540974268, 483.86834480185763, 117.46318359858788, 689.11689801581804, 637.57001088969662, 743.57652523038303, 602.3823878582042, 13.02798230055674, 271.50619709143598, 708.46774280367993, 99.649732803715224, 637.7586554809443, 861.01233170370119, 382.63535265014116, 590.66355265710285, 158.42538075602513, 332.81508417905201, 741.96273562935392, 552.75965211594144, 243.05717710498129, 890.14767645719985, 725.34705459203076, 269.3438424933795, 828.77725517737861, 258.86847140950539, 65.462044513845811, 883.64662260017337, 867.81508527668279, 279.89149412136868, 359.66815200998821, 865.15579871740692, 518.17761013499751, 69.244656873402505, 578.57231803180537, 637.76802915104474, 622.1890571134777, 931.05484522783831, 242.08916739115358, 55.8262255220558, 840.87432423262919, 307.94512035705702, 371.01803448564908, 588.53416542967693, 399.39050944363282, 759.13703057050725, 650.21764343073175, 398.15465167412901, 355.62287622031573, 584.00869796094526, 553.91934831725189, 920.27905519147225, 904.08601323877133, 628.56166691511555, 142.41984586386781, 492.34765162246174, 834.23434271895007, 739.37130826077498, 243.17955683649296, 583.78038426582896, 296.86465778462377, 403.63986756002902, 936.06567775055953, 402.85772439687167, 542.68039271560224, 120.8047134904246, 386.7906255534682, 260.2612579280584, 743.2131326889529, 238.10794923762188, 446.17961257328074, 369.18114260231494, 579.04679155363215, 163.17550847114799, 422.64750387110837, 890.39053070415503, 216.46450710177774, 852.06554743735785, 785.1100186779679, 713.0400589990885, 677.70000073386041, 583.62769136397958, 924.74375106688888, 821.62128071292307, 365.7425532399111, 704.7585498559057, 757.16508098855059, 738.85104096268401, 832.98885901744006, 326.56088053545483, 294.00697074522463, 678.93467032475849, 363.79332771060893, 478.03756719318829, 932.5916500137514, 679.70492032133723, 241.89708272413412, 176.69572882705359, 807.08721620238089, 804.76485261297773, 820.48304656435857, 814.27893899959622, 287.19878839660078, 858.93594430265432, 917.17034927123927, 412.84537861358683, 303.06772188251222, 228.16571191080314, 217.4174795889063, 857.35970273834653, 558.75259099055756, 855.84602226473851, 179.21066016200805, 578.12712145090279, 326.82834023529358, 717.57956394221355, 700.91508828582369, 980.1860195062369, 234.91402996188046, 767.52044383812336, 400.97496835721017, 763.40873458120666, 825.04782504606112, 521.76518792790876, 696.47718078652974, 811.09129727286063, 235.22780636138538, 226.24022373910921, 328.75203104515577, 677.0063369580173, 614.67825337667705, 301.2918666326226, 493.78581876737638, 557.91377741805593, 952.18665681669972, 342.84012841768748, 227.06121827243589, 673.90899080057147, 854.49763552809895, 878.57819466706121, 736.98776538302195, 352.76810212273909, 474.07879019212919, 490.17057056029188, 875.62679745517619, 397.52478287890267, 479.02588001750121, 613.04252277714647, 403.95487263731599, 717.7802275737638, 128.37411356478441, 115.24898873412653, 579.81064292616907, 655.5327264120732, 805.11577436872926, 710.84906341954513, 226.98706336416507, 708.03629477667266, 108.17251747926112, 375.07770846076465]
Median: 553.9193483172519
IQR Low: 243.1717601201127, IQR High: 189.47548064241607

Raw data JS Eccentricity: [0.93693645407622073, 0.85300676482489723, 0.79420857490191288, 0.81097915365234663, 0.64605492486587091, 0.80350714706688375, 0.93902051539193332, 0.83887263464757389, 0.26038529633784535, 0.96528212083861686, 0.96759680956725713, 0.59122575001962152, 0.89530268085816644, 0.69481187298426816, 0.89489549135252733, 0.79012224711914625, 0.74288638955409458, 0.77308274883206529, 0.30101974363285039, 0.86355148660015479, 0.97983906348718708, 0.84219097699105083, 0.29441425679696864, 0.72450357719759484, 0.67370230756905669, 0.26329747795683534, 0.51862555941224053, 0.86460515553030171, 0.37571688604321807, 0.14603154224908019, 0.69225076226739535, 0.75256348153293451, 0.21579013908256353, 0.90826270537007581, 0.89176357759817104, 0.85332682311902697, 0.40585314095134772, 0.96570474853412114, 0.79024688162914736, 0.5472882613813872, 0.69098779005723021, 0.99982819131158029, 0.69414906016267008, 0.42026290400935368, 0.59215088010781025, 0.93806307898030239, 0.7569090337700034, 0.56466163444614648, 0.68691367467509579, 0.31333565082371745, 0.52563340400323222, 0.45443413451404752, 0.982392152463613, 0.76140841875890541, 0.78960392229319087, 0.96527150002253592, 0.46694755739705524, 0.88741765488413393, 0.68389727293647584, 0.4879510625459294, 0.21994699117036398, 0.28957273183060933, 0.96502809896400388, 0.45953743892490539, 0.67819062571614686, 0.60653184845370267, 0.84623966663722761, 0.60154120191334648, 0.98597444487375985, 0.80533190184089309, 0.76018947923170543, 0.90755871543662403, 0.60123414980953582, 0.81594702252281981, 0.57857855076472964, 0.66623266432217698, 0.72731598431480193, 0.52827123205665449, 0.25969815689906095, 0.67515107594091828, 0.78786261910296207, 0.97128220680098909, 0.63394899625994672, 0.73795003957167205, 0.63970062804306826, 0.84532433973201371, 0.17089112798646688, 0.50870060602297751, 0.75062093922070039, 0.22101476371701764, 0.4949835582092445, 0.91576233816523189, 0.94879635773169513, 0.3102141917755859, 0.37151926898993076, 0.96377918267796969, 0.30468578061545809, 0.98170995527593508, 0.85036677145331208, 0.7406639627167686, 0.58112097806632868, 0.19705275437950584, 0.91032246050763577, 0.98159417030469842, 0.10887623728106306, 0.94937248578464406, 0.55644631580374082, 0.58568786684151186, 0.99839350174584829, 0.85573121520501161, 0.97828395983931737, 0.80160013894644977, 0.70573113332926418, 0.7069982680529775, 0.38070424714492518, 0.96518204708838584, 0.54696246399020054, 0.77050940718555327, 0.078106084195408043, 0.77794983416971131, 0.94458247671972539, 0.82414739567484774, 0.58311309937265343, 0.99715468406663155, 0.77388213802092398, 0.49062054198808858, 0.10163030732895366, 0.9938983054825109, 0.21614449891345414, 0.54872561913271078, 0.79030001606248068, 0.49529572497119828, 0.60145172768476163, 0.73708670906554641, 0.71445816232205595, 0.87986167426945383, 0.68229749400886597, 0.57788597609826331, 0.82830277388687767, 0.76846355068686822, 0.90624146834741159, 0.71685611073176292, 0.83592244792160952, 0.71413552645715461, 0.96544371221843683, 0.26082421593336369, 0.51650213596558792, 0.96293474641100574, 0.80236218922429536, 0.81239015001172954, 0.83282466248743026, 0.69604337817712336, 0.76856395575221292, 0.3443689855228349, 0.93187961809273034, 0.81776034357888305, 0.93830991009214082, 0.84470339473917455, 0.70945103207907068, 0.52889258363932357, 0.84134094601927922, 0.80087574006660001, 0.66475578307002614, 0.80190466996024679, 0.78599603566229292, 0.97220603140989037, 0.49630408576716539, 0.92364658151921231, 0.50003887344774223, 0.97269561641330982, 0.89453785438052325, 0.77602938069510163, 0.62920684724502696, 0.37829636047225673, 0.90837572561630497]
Median: 0.7506209392207004
IQR Low: 0.2026139989636514, IQR High: 0.11345738184452792

Raw data JS masses: [0.54825813613869956, 0.47797352689648948, 10.767912325219212, 0.52807052624920103, 0.2971705675315085, 0.66081572015169288, 1.6987566358907844, 0.12754136911636565, 1.3148114916083748, 1.8680130846059884, 0.29919113682629755, 0.16792338181761074, 0.73245092347297802, 0.14818478309180583, 0.23731315999431637, 0.50746390687495135, 0.30985642957091331, 1.6268940108700216, 0.23622643601998777, 0.5187994438665301, 0.12981216803386286, 9.1885696335554634, 0.32980116503921753, 0.099139880732702704, 0.10461290384018006, 7.2588537122613586, 0.20940426675778831, 1.674076924166868, 3.5264404977664037, 0.61521222470568104, 2.4682451846642546, 0.24031478179289514, 0.1196345372061119, 13.69559461266876, 0.69076251663000199, 1.3725112561927637, 0.43161717395377303, 2.6435086952758975, 0.16713089970258177, 0.69596588827537287, 0.12245760481605798, 0.15209339026925717, 1.6526428770511872, 0.70965074961194663, 0.51691241068027793, 0.77817649564494429, 0.64811439080710975, 1.3675488686555872, 0.12457836526025545, 0.39552510620437936, 0.41389405447666527, 0.10863468695712471, 0.14040916160445435, 0.22123943663111684, 0.18681849778774853, 0.62088354671943469, 2.6167946364149537, 0.21342359630662736, 0.42496876217219837, 0.74987532288649006, 0.15887214927763438, 1.381015128647527, 0.23196976251022167, 0.50494332088039184, 0.22233444022911231, 1.1390127706016182, 0.46932872751795757, 2.1547630941175924, 0.14248556526038306, 0.21711763135040688, 0.14689245819481084, 0.16919731055666676, 0.36646229060566049, 0.38179564209790345, 0.096466812600893195, 1.1190273727410704, 0.2346292605488583, 0.77662036703460857, 0.16334195999800258, 0.25859517133429583, 1.6026381889093551, 0.1038621152720631, 0.14692156478513943, 0.61564590381733963, 0.96854171202288519, 0.092918479194583598, 0.17233658734981236, 1.063557497926908, 0.14236465521340821, 1.1669218857044326, 0.74893570063358272, 0.36778383147274002, 0.63740666962949122, 0.23560891122488675, 0.96681316879748969, 1.7396081657688063, 0.29785292426487481, 2.013074282732934, 0.40731179157108138, 0.95846625643989392, 4.5449933203269701, 0.227584193448019, 1.3583938471109527, 5.429436275686462, 0.16436603712248268, 1.3766551547885832, 0.12725100215580845, 3.6186750639034959, 0.34969510249704672, 0.74330617362631979, 4.261030177668367, 0.20211829919460722, 0.10806868592908886, 0.14820213355524917, 1.0678746720934438, 0.094639005887187919, 3.0726553751972383, 0.18781709099526442, 2.0390713055575707, 19.518672932686819, 0.39137656069558591, 0.10967658432506597, 0.4746363203946431, 0.56234297412001455, 0.89866144083315369, 1.487966926149084, 0.71655117489766007, 0.27851703349246287, 0.58204018963286008, 0.098977616518377665, 0.3901780404901109, 2.5352955459059512, 0.86387967188186587, 1.1005326855338484, 0.31720847510210426, 0.088004664357762455, 0.1370086497589682, 20.390509659279697, 0.81677679327673935, 0.98450782130405878, 0.18614870988283558, 0.1198490185342095, 0.10834510086717709, 1.0187233985526674, 0.57363107699853844, 0.10499795896782052, 0.42739099856595841, 0.22787744369301119, 0.54494359302122686, 0.25288769304737291, 0.64471088265359122, 1.1228157329967541, 0.40735554728820711, 0.64391857238187478, 0.18287946392423585, 0.18959881846227769, 0.31926173584987644, 0.094671927277909809, 0.33004547318811917, 0.48360318253655388, 0.41674829010889325, 0.51654589459296141, 0.60884219965745201, 0.29913503151337251, 4.8485484375606331, 0.26352259843017756, 0.49447671187916009, 0.83234154296692842, 0.30590441010277258, 0.47559159763978076, 0.17487292820513564, 0.64495824453672146, 0.11947197035604443, 0.10538169685196777, 0.30149334416349027]
Median: 0.431617173953773
IQR Low: 0.24290921922500197, IQR High: 0.5360602664564145

Raw data N>2 Populations: [3 4 5 6]
Median: 4.5
IQR Low: 0.75, IQR High: 0.75


===============================
System Type & Avg. Detections:[['JuMBOs', 'JuMBOs', 'JuMBOs', 'JuMBOs'], 0.10000000000000001]
[['JuMBOs', 'JuMBOs', 'star'], 2.6000000000000001]
[['JuMBOs', 'JuMBOs', 'star', 'star'], 1.0]
[['JuMBOs', 'JuMBOs', 'star', 'star', 'star'], 0.29999999999999999]
[['JuMBOs', 'star', 'star'], 6.0]
[['JuMBOs', 'star', 'star', 'star'], 2.2000000000000002]
[['JuMBOs', 'star', 'star', 'star', 'star'], 0.90000000000000002]
[['JuMBOs', 'star', 'star', 'star', 'star', 'star'], 0.20000000000000001]
[['star', 'star', 'star'], 40.899999999999999]
[['star', 'star', 'star', 'star'], 7.0999999999999996]
[['star', 'star', 'star', 'star', 'star'], 1.2]
[['star', 'star', 'star', 'star', 'star', 'star'], 0.10000000000000001]
