Raw data JuMBO Systs: [ 19.  25.  23.  13.  33.  23.  26.  26.  19.  16.  18.  21.  19.  27.  21.
  19.  18.  21.  11.  48.]
Median: 21.0
IQR Low: 2.25, IQR High: 4.25
Med. Survival Rate: 0.042

Raw data New JuMBOs: [ 1.  1.  1.  0.  2.  2.  1.  1.  0.  0.  2.  1.  2.  0.  2.  1.  0.  0.
  0.  2.]
Median: 1.0
IQR Low: 1.0, IQR High: 1.0

Raw data SS Systs: [ 157.  184.  179.  151.  226.  194.  195.  207.  164.  154.  170.  209.
  174.  205.  190.  182.  164.  184.  160.  198.]
Median: 183.0
IQR Low: 19.0, IQR High: 12.75

Raw data JS Systs: [ 31.  34.  36.  31.  41.  34.  36.  30.  43.  41.  24.  35.  40.  32.  34.
  38.  30.  35.  25.  40.]
Median: 34.5
IQR Low: 3.5, IQR High: 4.0

Raw data JS Semi-major: [971.37879147333535, 184.72882292390091, 743.75751496943519, 724.08382296644504, 109.78853519136209, 132.83898478416089, 634.42311410987008, 726.06757515073184, 383.76602097460051, 971.68305407460014, 994.86845912938543, 229.87082028596132, 725.10365518555693, 299.92432632851956, 933.18161801064741, 739.93241131989703, 474.52311203226697, 605.0516690210178, 998.35538883206914, 428.40752465411964, 581.70111087305281, 707.312557394549, 887.00109330338523, 823.66561968504652, 98.477504038528906, 56.437771916986677, 290.68166173146267, 591.34840752856144, 426.5729366666975, 159.84391401042137, 767.98022818993684, 301.83321572304482, 796.0315857993586, 298.87841840517859, 732.8301833230355, 88.835272942978577, 611.15709725837769, 939.49080114951448, 316.28892890599843, 169.23353715721402, 593.91668577941778, 581.51951150354864, 291.3028449251475, 213.63450036880602, 47.392794897440048, 323.76634779567706, 240.78016708333428, 244.75288166576095, 558.34615981845423, 553.53268985913905, 862.25065802907363, 83.325655185303461, 157.97215336078008, 635.81606663701837, 44.746507467261928, 423.05706004066315, 585.68512555531356, 601.32480908552384, 752.24602216136464, 424.5935835857012, 768.73894472917789, 445.44590880751923, 528.50156393305929, 649.1875272128085, 838.39196673624565, 748.05232092900962, 277.55850878435962, 640.24466275978557, 30.20339676449105, 968.06440579130549, 781.38229596146289, 736.66260834853711, 781.07378503120128, 723.31850496586628, 675.09474690282957, 468.93851939558988, 878.78912808787538, 814.33480179056642, 196.39545978523776, 210.46090102962197, 883.58639526561751, 817.21242295137324, 479.01994457080116, 664.45383098039338, 731.4732315169299, 839.01093003563494, 486.75803442741744, 281.88851242240582, 324.64852999249359, 121.63529898638177, 700.17318257801287, 891.53379931738129, 626.78834126697188, 329.93333269378331, 874.45692798413722, 406.73266604866052, 78.356108621134794, 357.26302381650953, 357.5888125441607, 957.42936073580336, 294.91335316950875, 485.61787108917332, 692.22069555774385, 204.31460596014995, 575.55448760819331, 774.9868787416865, 803.74775162236244, 734.51562888657668, 201.34478442696681, 252.01545739623685, 823.78502735317591, 95.107738954141169, 996.31156573054727, 886.76757394427659, 760.08826856210726, 899.8009170453488, 633.54081236784941, 792.50906255789118, 861.28466214779689, 926.57244565330882, 636.31726507318024, 562.81156133118725, 335.33367216011919, 137.52156028276093, 641.19023750087285, 106.4297408891444, 995.11160996825379, 133.75778588850653, 862.78354416807383, 845.63872990237689, 46.301714556789264, 729.24909045067375, 364.54348499021933, 879.21456509867346, 378.5734673388713, 905.40618389919257, 233.20630778950829, 133.75776041469268, 147.3896876312705, 460.97692778328013, 467.53555213853559, 732.83402106748008, 78.719933203422869, 857.63675219695619, 861.70480571917221, 963.30157433770898, 465.04092366074383, 791.27872453902296, 423.05669707152759, 567.64590967740696, 649.58942467538748, 517.65760487052501, 950.67427071265251, 322.21017210446246, 713.14697720414563, 617.25220620013044, 135.34510886662392, 862.57737619269096, 990.84185592415929, 441.95871515887336, 182.04497945578444, 767.18980838256493, 198.56800509912409, 502.09784172237693, 77.520781588675831, 245.62021413402556, 733.63487898273524, 444.11536994673327, 649.67836339385326, 119.18318043283742, 334.79865637986671, 159.44897065007737, 987.26112065103644, 151.19262278933317, 109.31047397641279, 138.22658278970727, 152.85297207305118, 478.93468916339469, 554.41169371360695, 516.62021554427054, 449.39444312326248, 631.44172816852358, 906.95199975984883, 302.32067477741083, 626.51068324070877, 950.39508518833429, 117.76867658583895, 549.20465630860554, 302.98132178531051, 642.65958506569609, 910.3790595198642, 665.01747407268624, 574.84889733538364, 792.53876486067043, 348.79491088587855, 965.35014911410872, 909.89850048492485, 734.72046999504175, 207.1351620179388, 136.09028665814304, 911.21644465354416, 482.4849937084, 609.99412725193758, 968.91930870300666, 276.45922451611017, 960.54008381206279, 799.55376472325497, 314.60016988534636, 518.31605873015337, 256.7748714103484, 626.15853311533021, 388.86045240458151, 469.76756057783388, 436.50065987525409, 63.938431203563312, 275.65886335647747, 620.2205574382649, 864.52189352532548, 201.32329237724358, 423.36582431627005, 568.52139087610362, 363.11812207334924, 335.91003874204375, 771.98527620622872, 882.9687986943627, 42.501708799297042, 349.06561065488472, 281.71722972093465, 627.99999491801555, 183.7507691485865, 363.25229458925122, 987.13247358039973, 29.229114848052394, 747.32365536084922, 91.604850707144948, 519.03845617738637, 725.34859569909702, 237.3331237301027, 550.18603341988148, 465.81589920008872, 866.63581655518738, 318.01288327856577, 253.61449715929845, 583.60749231973602, 311.523663485631, 128.30643083588484, 744.48917089370764, 633.13862816509265, 628.0329044381607, 430.40714243350573, 644.00733448929202, 637.57483396690043, 428.85426243657167, 779.02938993259693, 437.16422127596979, 381.39934104246356, 131.78061269941276, 578.34273281207732, 319.96963314249479, 585.03889909904717, 384.807848806837, 191.94753093815609, 578.19089560866246, 871.61589702609501, 645.51167107285687, 882.36068890430761, 384.70772476697488, 330.77961253433318, 251.23365703190129, 773.33765511391914, 986.73755890574716, 820.48760578358019, 941.60178218441672, 849.47428515823162, 498.66797034416805, 630.64730940806714, 569.25076795648795, 361.59898219736311, 920.34951489182026, 814.60038042487145, 359.08479774295273, 601.88286005772363, 194.01026650595298, 196.11468448422636, 599.65353050690271, 530.19519688476714, 437.89948677049131, 300.59440942843065, 243.70143047749238, 919.51392264516403, 69.043285234452554, 671.68995912230741, 446.57127823203888, 92.32075657065802, 263.09311161949046, 655.46088457976055, 207.45779999397709, 495.27199623929408, 99.599548214223788, 199.94451787665557, 442.31204948732164, 447.15983068840688, 199.55817622596427, 820.79888603069571, 475.82422838252251, 855.00411971490189, 689.2124265330757, 275.52265262273147, 251.29262464043066, 833.40381176493031, 302.42115883677218, 11.412010446439274, 709.9083158771914, 153.63751374180467, 927.53565386814614, 723.96453344979511, 629.889545349733, 850.95362254729855, 458.38637571935402, 372.91245714856734, 753.15460010716401, 618.45180598372337, 399.88852132206262, 269.89715195697397, 715.74942301958185, 744.86800590389407, 57.374851683524263, 782.40751220814639, 832.76196018997359, 617.94531206768454, 651.78217963411578, 163.34909909432884, 980.24320667325117, 567.31189495091314, 116.56885648192856, 413.98041232922907, 922.18973746875247, 281.23009380598597, 984.28069885279967, 266.39177232515561, 414.48927940735803, 477.73691349297388, 658.97105680733102, 374.83470245382773, 610.507978021246, 517.48721532577008, 879.46565552954837, 356.29309834069585, 313.47616341835641, 285.51834549576859, 913.01144588172099, 234.97145808386767, 360.45775992650425, 78.838938029639976, 148.34589092297341, 713.77478593401997, 166.68093492450987, 784.72650123021663, 689.40601347450047, 334.9097679674785, 858.82039062513377, 184.74726063955237, 726.7148063012196, 229.94307942588858, 373.98904144587044, 520.05656281364111, 844.22053238410103, 820.89599633729438, 702.90943003745804, 438.45176413998394, 523.75364719039089, 979.13037682154959, 548.5680059016496, 964.6862884506512, 722.79694492573663, 163.9771242868454, 793.74075402372466, 430.92929247615547, 627.56166764005911, 569.99526940677322, 839.10549842335843, 787.99181553146468, 430.19145916261783, 262.49034045318876, 569.33653276858149, 946.70963629006678, 516.57317548826313, 20.206802382226357, 881.81263567214285, 588.97586048068536, 557.50323915910712, 450.27510004271414, 996.96827137135381, 679.3266471064901, 694.35247402601362, 936.8717045057964, 714.48030195123306, 527.13902182747574, 96.613970902469063, 657.91116861698129, 650.04415953387775, 161.3428688069904, 666.24847389493334, 320.19129566665725, 36.079008355435583, 942.89232613136528, 468.38544090159587, 814.55754507696508, 582.02597860877313, 737.58590895436691, 183.02138295464854, 139.27400050405913, 235.71978407519148, 702.33321132989556, 101.34336693393672, 386.05117720659678, 343.26154257101138, 674.49012120491977, 341.39397714267369, 934.33826257307362, 687.8954873660424, 948.72172807464563, 401.65498398580439, 612.07575670419112, 656.61566641784964, 374.062711842064, 440.90298898130709, 580.48749198039707, 777.29801514221913, 457.41610116449777, 277.19097044569332, 121.14688402918883, 995.00402617301631, 155.0677675561071, 584.81903902386489, 984.70705768373, 763.94912549938601, 82.842411959293955, 541.01243997641529, 727.04006261523011, 150.72924020419089, 159.06055342215822, 681.91020280741577, 48.743310336556995, 495.80974271275448, 172.22255684542014, 801.44327579965102, 971.63411662271631, 735.46102683164622, 514.86514750779327, 111.35285960327464, 613.75239002264766, 751.05044163400373, 350.22550171941413, 624.96448274387296, 961.23952249316812, 407.14748934815862, 363.31495384315804, 100.78296425728017, 79.876512283295966, 204.0063524077444, 315.25304644022395, 644.66685549788735, 454.30325280870613, 349.24992197286758, 455.66879565493809, 304.46183513204574, 318.77814251676642, 391.65763817176645, 282.39321430831177, 549.82847986136983, 649.32613708404517, 256.17889314728762, 148.04316395564788, 240.63362760574307, 969.31807936554105, 819.17274893236674, 279.35614289386763, 746.31741274646856, 455.92379158248281, 250.01564674373367, 313.03870068220641, 840.04787990367959, 114.90998908669731, 356.9180948320348, 497.44288241915984, 947.81749859817512, 338.94731273934667, 235.26464131338702, 195.70080166396301, 671.63073288219789, 703.95140208657631, 978.33401027773471, 335.05079782986223, 569.34391643026549, 516.99221266103768, 452.88370953228986, 234.78999298882184, 192.21188018147265, 65.70896828517202, 452.72748755052606, 846.01787192573113, 435.54527672262492, 390.17448240813138, 741.94946025134641, 342.60676365094878, 332.36477798420822, 113.62912782472077, 240.77751077567814, 138.65248750200413, 610.50129328129492, 342.7278855020719, 777.68056452487576, 422.41834532492686, 470.49896327305504, 269.35101244554068, 369.85561337953044, 440.72935500812366, 108.87261843172261, 471.27217113295643, 998.60877555027616, 665.11265313021067, 736.55281893760787, 543.52241714787317, 270.54584196153502, 148.90458824195431, 291.51056655291501, 681.94102365965182, 889.18911404561902, 37.65653496658981, 698.23157281831641, 186.06336231493904, 946.04806786174788, 789.6456440516514, 981.23835551557704, 371.7245608706823, 906.58504664929535, 583.27222604514736, 236.60210986527727, 802.61705150392618, 699.52323197240969, 234.75702771416235, 603.22705000809663, 382.4777446588156, 660.85465549269361, 590.0699546470621, 470.19736370699644, 833.63726368541279, 746.82445801891811, 997.67115081672966, 647.00154824936521, 887.23116708449732, 576.97051904340378, 991.02042151847968, 181.1536773769642, 933.20204499211025, 752.49468198596446, 443.16355443220988, 156.42971569705566, 728.48549079477664, 899.7761225665264, 568.46287109022956, 574.54605573065896, 845.02388500155052, 558.21912318258796, 849.42730921362158, 728.19385773962756, 339.92504731153946, 831.98762914231372, 852.08484622532058, 475.66531111080303, 186.4275778619525, 254.08984871895757, 280.94150945308678, 420.10810664750159, 546.29813778846756, 625.89984587283345, 467.26334739323079, 342.17137561335471, 372.28036254243204, 99.104081848719886, 908.54580172699445, 438.13603010385441, 994.81631261869745, 259.51364436709201, 521.33962018298269, 251.00490492041087, 709.61240688477187, 757.03833967288438, 129.07648502774734, 474.2971905228834, 896.29835670513432, 441.35109147630152, 523.97384608423931, 75.780478425551962, 100.57784413456305, 360.75537541983061, 704.91573136703732, 599.90513225725397, 816.43446861226209, 469.79416337733409, 464.88825640851627, 602.32105695643054, 342.97356878913553, 447.46532140625072, 273.18425274648422, 826.81079899299311, 972.82473767983004, 245.16488878996984, 910.48619158961878, 863.46658932622734, 928.04502626031285, 206.13550056771334, 325.6757933587557, 528.28413495385757, 988.54099133728505, 921.55885587490013, 99.088998922399767, 502.7869260296801, 445.85497769058969, 686.43091500847891, 230.59596214154163, 768.32463120924865, 596.77834457688493, 920.99311529054205, 665.48171055799662, 954.92588437724908, 142.67175715210357, 641.22207213516469, 681.67960971224682, 651.79787021283278, 836.26451011838753, 251.01263241965989, 519.97090095412136, 360.01253061756296, 891.97934007565971, 595.99514878254183, 212.73894460948677, 982.63032330399574, 726.9988083070217, 368.58188261959145, 79.726872468387455, 859.06535999352809, 859.14794415053518, 215.87301579480788, 630.50036050722679, 907.3261387063086, 567.20532827969373, 620.49282787876837, 180.30700145805912, 192.41426692419481, 218.94434561578083, 191.38937242697037, 149.03930997902529, 468.72529363992174, 684.48444928508957, 116.93966107861429, 69.125899948627421, 280.74099730056196, 234.66408886294491, 952.89728157768684, 61.683076290748787, 908.82481965619195, 812.00364713719205, 82.183574442294386, 122.57201036848997, 777.60682171445558, 456.17618009248991, 488.02339339511366, 164.59856898078763, 434.51824970485183, 459.31788948953641, 141.6593094159584, 874.92670829895405, 231.55029924023611, 982.01803365497472, 340.88756659112676, 461.47231607401392, 619.26248656722089, 181.24097991552088, 428.68717214950794, 663.66137145765595, 886.13865398664893, 760.52946382695563, 482.4475786498549, 465.54139284685095, 777.34573659604973, 149.30706794106987, 132.18513605900455, 184.01260225611904]
Median: 518.6772574537699
IQR Low: 237.3253796690468, IQR High: 226.09603969757757

Raw data JS Eccentricity: [0.57441831707562663, 0.36762951379247472, 0.83720926720604816, 0.92105820626273238, 0.84566047246690268, 0.8290984237008826, 0.99298905189677533, 0.97404495844164862, 0.84733291266946309, 0.54828656876225368, 0.81220792385279794, 0.39071548388276156, 0.82022639611240677, 0.72422597981540737, 0.18842686157901595, 0.66610511811092477, 0.94881689256963153, 0.62674859339723987, 0.26192270757174141, 0.3548594895109472, 0.27462626046656918, 0.40817719798567381, 0.87506458824875555, 0.89115807288421744, 0.65393565038264634, 0.77759022866154459, 0.87435329781967286, 0.76174713246512604, 0.58680315603093747, 0.7289995843737711, 0.48450047545681124, 0.98598394830972935, 0.58906437324516869, 0.23715912008858131, 0.21789255697544702, 0.68608228692721529, 0.34428424614697778, 0.19895445733664871, 0.73053896106697869, 0.9229002413191616, 0.85856618769324833, 0.84803995109948194, 0.58776243072546674, 0.8605433676564378, 0.58009424803308396, 0.99554589163060669, 0.15319049674716609, 0.8458091929630891, 0.45558252699521745, 0.86022940361011269, 0.58606424853237171, 0.6576926666333025, 0.68243029150414314, 0.53874492269448393, 0.97768954999456892, 0.97297516000922635, 0.41725619411558873, 0.25891115265122139, 0.25800225683476324, 0.81020619002239225, 0.92307053714608733, 0.94991363190140166, 0.86064512072907007, 0.557219832422849, 0.71726139617479689, 0.95332334315306821, 0.97324642547389584, 0.18954594896623317, 0.11816964348392475, 0.88241524597136711, 0.91424435632762724, 0.61855654887545586, 0.37847903442879371, 0.92706839081444137, 0.34150840400026811, 0.64250889387187993, 0.76050969690521142, 0.68941349954180098, 0.67429968437349919, 0.63870176137232137, 0.40483130206002421, 0.77567941942511076, 0.61244718724300429, 0.82162974068702921, 0.60539597328568062, 0.57543213910268531, 0.94919305681331334, 0.95400185269287707, 0.24881030359290546, 0.6611408750146095, 0.65233403921959265, 0.31323014476310268, 0.415909143509749, 0.83481368804454725, 0.87067257385067742, 0.45295296643095345, 0.061460309928304417, 0.83419377682598528, 0.67637004918158139, 0.50844363083104172, 0.34970379953271913, 0.72343434541142138, 0.98551901549991761, 0.80231615521043542, 0.55417458368165773, 0.97569120551683164, 0.69121595265956881, 0.68946460841241841, 0.504261377144126, 0.66564591282249241, 0.62139656120468056, 0.79888928073988108, 0.50280826720918725, 0.95303805717278578, 0.30429144685835907, 0.55555831248108767, 0.91515923782118636, 0.35329360194766651, 0.25413510788699695, 0.92992144671089416, 0.47424324112686245, 0.91253078708216384, 0.64977659655751641, 0.12586353718214072, 0.82584943465389149, 0.93065301477716122, 0.78995559866148912, 0.65527626453463717, 0.60292799464556934, 0.64631790728950334, 0.95847480890230008, 0.62892769392045056, 0.31717527263929085, 0.56771755943697555, 0.84093609838909922, 0.89283924563952755, 0.95792021203858246, 0.84285274833207102, 0.98914273119462337, 0.62636442385737567, 0.91681758454481244, 0.65403048924218021, 0.27879418948992557, 0.13316537742336707, 0.84748033293082958, 0.72148351328796068, 0.96710855080995872, 0.69750704415131259, 0.89568053541097503, 0.38758435976599254, 0.89419762022678972, 0.65455252551463894, 0.91317301499964043, 0.2687725284491726, 0.19885498352446598, 0.66425282651256079, 0.88129090646629771, 0.96972430952857602, 0.12541628730002014, 0.67341801675799884, 0.2804902512378265, 0.87382128792220504, 0.23260691857743357, 0.31341153070970945, 0.93229000082316493, 0.36089180191866138, 0.35898340280786184, 0.92682421880776533, 0.81933255696586216, 0.91092449243079332, 0.10423830125550546, 0.78914566664840546, 0.15719611058390817, 0.98740285248817761, 0.52169949184471232, 0.52016672386151963, 0.58651593783813394, 0.75129329687910928, 0.63427208477128727, 0.79749462924295755, 0.33387876120578797, 0.099176923837840325, 0.92445005386163992, 0.66391292742101438, 0.81461611947155343, 0.93557883159777311, 0.34991048974462086, 0.8098946120059245, 0.10581740691455321, 0.39139600770353428, 0.17224750700409042, 0.7506260603327316, 0.45319338532241427, 0.92361105483342043, 0.56891293469044424, 0.94027730124675246, 0.69998844949774131, 0.11924077039672773, 0.97008954188968666, 0.50177840864437273, 0.86291841477432418, 0.70726372749440469, 0.8176957583439719, 0.1601649630325814, 0.96903195098089234, 0.75043800084289747, 0.92264478280950069, 0.98514106554528114, 0.70807487975505645, 0.75716945850041173, 0.68106156541193597, 0.88514399616843087, 0.67811686592460518, 0.99807420275712166, 0.62618994791493143, 0.42577759734842285, 0.70142098169091627, 0.31331123061060362, 0.17875127826552401, 0.7769703348353918, 0.38938249274339415, 0.51651907992261992, 0.9104248159560141, 0.66345374040675209, 0.69521479168707834, 0.59462561191187568, 0.33700068923621468, 0.75079153150025846, 0.9816096014597071, 0.99787208179513753, 0.51408613358074262, 0.89414632163719854, 0.80454422799206704, 0.86626303379406266, 0.9343736768709362, 0.8319036693973676, 0.74847845428050819, 0.56291287350002439, 0.99132721798580992, 0.36218323222154708, 0.7296214588438753, 0.71950303451123632, 0.61114734975683371, 0.90180551398405939, 0.95891232425102335, 0.064634510815359897, 0.22980395672328885, 0.64366873287948223, 0.95901557771179902, 0.28303100943352966, 0.87121928125177517, 0.75308951954094838, 0.40605690828972452, 0.69467959680027558, 0.4802930192661552, 0.73592571516404071, 0.88431618586520566, 0.4825103718093175, 0.96249991460024376, 0.56210062775198311, 0.98147522855608282, 0.8783297069322914, 0.36272383739153052, 0.4762575645458752, 0.79399385811434064, 0.31718710002707751, 0.75839502912711021, 0.59004430360505167, 0.44479074716917888, 0.74267116256570553, 0.64497764522410495, 0.6539086894226066, 0.26858159703806012, 0.87202222901860971, 0.24258070013827074, 0.69518214858033034, 0.94021670764194176, 0.68047088704329184, 0.41110892474956218, 0.89503481510486982, 0.61853136769188144, 0.55049620893721463, 0.81447232889344534, 0.92911762987416147, 0.75992403838675415, 0.82320279773083382, 0.8020032699002495, 0.85862336809065143, 0.76623793004652208, 0.61418693833463611, 0.23439213716607993, 0.73986963546781737, 0.58542479975482287, 0.48332864045845725, 0.89300719091531711, 0.51445867893983666, 0.14820132055816537, 0.63286138291320193, 0.54301311096460325, 0.30262264052677057, 0.84085960713239438, 0.067209590540264305, 0.95684962558462261, 0.7793065687667996, 0.71556517090554161, 0.90485004787262713, 0.78203592321886362, 0.79700945034097215, 0.44622408020905652, 0.88029441292854516, 0.92286170466909001, 0.61098883967082873, 0.86919773130461986, 0.96232286842350157, 0.94047156978710644, 0.57465431685583657, 0.33450416534386257, 0.71119640119246164, 0.77094908254811845, 0.60335942869179104, 0.71520311606144082, 0.55624223585625521, 0.40478921995400446, 0.68831812859439434, 0.56372193759386391, 0.75764242506303614, 0.46947786495955912, 0.70857664454787705, 0.78935540555419748, 0.32876561022809292, 0.98850799013728763, 0.46975366365892224, 0.74644850123728135, 0.71606613792676155, 0.10678076233821031, 0.38069152486057395, 0.59642640437960048, 0.7914552231115457, 0.98820897374289318, 0.84484389072930788, 0.75851893753020294, 0.90323122551043367, 0.43588838241559619, 0.03610460799909191, 0.80741883521383628, 0.57479127855720713, 0.84981062215666126, 0.48622478442756578, 0.83069743478722446, 0.90578998600303573, 0.89231192039990415, 0.18983511306503345, 0.85346535893726794, 0.90288458505401903, 0.60420437321420961, 0.7417306973482436, 0.94732142610389503, 0.77072718205512181, 0.65183845142157371, 0.75314905535468724, 0.69354710393049346, 0.77983315625821714, 0.83014143916899275, 0.74727180861828413, 0.48138638498743824, 0.683660755998171, 0.17185124288089471, 0.64481295832104002, 0.38436868466217117, 0.58918451641422143, 0.74796476227111197, 0.8230925336347843, 0.60224956250782946, 0.74701431853388545, 0.85086980786480737, 0.15609943871448165, 0.53539784880011554, 0.49050401336829008, 0.65927119888071806, 0.57000063732914341, 0.85844452507944746, 0.11252977687513321, 0.32815564032041067, 0.63417159164969983, 0.72289538558169375, 0.8336443126569052, 0.73304518746925451, 0.77167146030580269, 0.019276001753397068, 0.74054155325740412, 0.81353427731465922, 0.9915928483986568, 0.40791021404003902, 0.85936497818773683, 0.8137899755466379, 0.93110680033959059, 0.75239667786451014, 0.15011878590249864, 0.17699651911680761, 0.98222456960021554, 0.72504495557887971, 0.57088843337821082, 0.88606626775188002, 0.60518931333185821, 0.91032428784197783, 0.99879092699855365, 0.9486153808754928, 0.61196093967915399, 0.79657785023651118, 0.52596602327266584, 0.93910743059819601, 0.75334563365573359, 0.80238807109315047, 0.87853255449096257, 0.65250396847152403, 0.59235709111725454, 0.47167899400158414, 0.74421072012604805, 0.45969844838575757, 0.62835419555140237, 0.79732379638260908, 0.28601393652260387, 0.75406356974606736, 0.57732810353901942, 0.54516561342052428, 0.81579756779648349, 0.24668935208358486, 0.49211925642577087, 0.60994391998089426, 0.1578524100420543, 0.055794195366620877, 0.78732617356070345, 0.7869285358572522, 0.76170863910288966, 0.95287283878038476, 0.20503972496097791, 0.71252279846280842, 0.9252675220590173, 0.6160841940504459, 0.72726763089975976, 0.40550360138594227, 0.64183346037892042, 0.20189906219721204, 0.8431393934094622, 0.67434247749541165, 0.45343655961890128, 0.29947906012382214, 0.40467770999544911, 0.19288654679111319, 0.9062380679096701, 0.39113145662088383, 0.28551949195531073, 0.43809154772221376, 0.86525573322498306, 0.52258993378055352, 0.69237344833652359, 0.36252475307265963, 0.96911160882825265, 0.66574777906891203, 0.78344564960565344, 0.86675472390665287, 0.85681976186509068, 0.83281355445033722, 0.77198167417725772, 0.87051432976412813, 0.91559828419170686, 0.30672857774815721, 0.45388232524660177, 0.42245920016056215, 0.91518373234964434, 0.94703567717833426, 0.72124713006979657, 0.80504084352610894, 0.45678645667725365, 0.92942010146517617, 0.99799962753883142, 0.55268136873678231, 0.59370328069408385, 0.95132984464959436, 0.38973597383223008, 0.97270481228118644, 0.4515786998693338, 0.62244560142032657, 0.77602530040735296, 0.96245202668647301, 0.64460723193454483, 0.65242414105313273, 0.92649798200628697, 0.94965067624714372, 0.91584175097331399, 0.79068755482833131, 0.98812871392592749, 0.76453020681486017, 0.93891885882620618, 0.71922673652426639, 0.9283911611189849, 0.25149687094918893, 0.26335537549829763, 0.84549495817379416, 0.1600385393026891, 0.323837874485633, 0.50066428880092584, 0.77863031116986026, 0.6778288504994604, 0.57090429643921925, 0.28208874396563188, 0.52270585829162097, 0.54079717125966564, 0.61558182351117818, 0.79780298085158363, 0.90205157511034595, 0.50997800299836404, 0.99632519237845796, 0.33391762185552837, 0.78674085376457548, 0.52064995751398024, 0.46184362476543367, 0.66609156235869504, 0.81426015933586793, 0.17301807721774873, 0.97150764421589708, 0.97932758133212205, 0.76136408010784928, 0.87496511132487487, 0.9489200370020221, 0.494580434849414, 0.57708541106564504, 0.81495845167230829, 0.67071566473351918, 0.78110058935422044, 0.60578224763726596, 0.79415514898450468, 0.50167013283174289, 0.27359859519464275, 0.99692257883095092, 0.94531200713121477, 0.71467195673879513, 0.41637219051750274, 0.29358223447669507, 0.65080519566204342, 0.93471916704887492, 0.88204230371786396, 0.65391118209254151, 0.31362717546861452, 0.61635458688636124, 0.86703587718600428, 0.90545648636445764, 0.76006754625749051, 0.90215744049905877, 0.81958469387515298, 0.17098156383052543, 0.38927365522965279, 0.53856619550047324, 0.74925677006993141, 0.88188931177687935, 0.88851646028562459, 0.58152243009712634, 0.35064705121480905, 0.72709727962147186, 0.81545432893379677, 0.42000455508885665, 0.55257252516353239, 0.32442305113603692, 0.73027665894516203, 0.77198097131689336, 0.74257239705631317, 0.99828091580936196, 0.97624100857470186, 0.84840883039688331, 0.52936054520963016, 0.20754917717559815, 0.50482963824456628, 0.67262384138780651, 0.45247825176175049, 0.60169737994150241, 0.65302331242264067, 0.47386175777071521, 0.92249804884541531, 0.6988918083244029, 0.84921406295167989, 0.75683767550393777, 0.47742904691364663, 0.15785693527343672, 0.78184793934044527, 0.73696075176152243, 0.54817138909776197, 0.86383143525492634, 0.44693125983443099, 0.29991361191539972, 0.90784678744257763, 0.72452052296414249, 0.6296890864407203, 0.72185506722055981, 0.66639422058555209, 0.26312233307544813, 0.48752975774315011, 0.88110263264749966, 0.68823834528943517, 0.94521002035323221, 0.98418619095036475, 0.94144277665780307, 0.74736439427924273, 0.70456946936841358, 0.82694129162648566, 0.72680269503501604, 0.69806118957040131, 0.46502395027709087, 0.93067266049877106, 0.98371490517018068, 0.71828469845851095, 0.9959419985878073, 0.28160473831248917, 0.78779889077447784, 0.85679212837988106, 0.21886565472037403, 0.819785229127304, 0.54058590031140263, 0.15908829216934567, 0.9801277441065066, 0.54542969139880226, 0.43302813334732893, 0.96121189184226141, 0.9218500752102845, 0.94427257682602095, 0.7470875944450025, 0.87780333914275144, 0.90040619307304814, 0.74609732961872122, 0.92574219435757155, 0.96647634592078324, 0.53212138129651154, 0.87229925075342774, 0.83535156103563624, 0.7371611815602247, 0.52688331838731339, 0.98931005722201537, 0.55791563357081797, 0.48678957909346199, 0.72640733673924673, 0.42855162371646799, 0.98182632096832623, 0.68525585706911818, 0.87378999386611655, 0.6471404650613346, 0.79776278545284018, 0.74319470158582435, 0.39521209248678091, 0.7596679890291953, 0.4746172653296582, 0.92482326034306095, 0.32745150328404043, 0.65289964537284517, 0.50843968717524923, 0.71368733525635986, 0.37862565008691634, 0.85754279279790213, 0.5123208016105637, 0.99157800519926342, 0.73341490083843186, 0.39027268185891112, 0.92911829738951368, 0.59261264635510147, 0.47058799884072589, 0.76660642152570579, 0.81703204242557237, 0.62887649880417673, 0.9987734675421025, 0.76228329842888753, 0.73472406933439405, 0.86369669405432981, 0.2422800541725221, 0.99914618128622223, 0.85684074774052144, 0.99881168025685407, 0.88064564965714587, 0.41756085524914682, 0.37857589353697291, 0.79412546110584914, 0.98090429551593761, 0.29134691993393569, 0.9924474576278256, 0.82900081412718152, 0.44659485880228805, 0.59217718518903772, 0.56041523328059184, 0.15363715008616236, 0.49018303678683456, 0.41682919139632163, 0.57885332929002253, 0.60955957506340863]
Median: 0.7083257621514667
IQR Low: 0.21741793801880643, IQR High: 0.15085381351199878

Raw data JS masses: [0.34911105057979086, 0.49680810496742178, 13.362681671004637, 0.92304983820749475, 0.40337147846962773, 0.83526025214119182, 0.27770841182494233, 0.28271571252750244, 0.26339370293247638, 0.31651482618123067, 0.13432220897344255, 0.99261139202277426, 0.21028556034442816, 0.78349742647024834, 0.41601940219625155, 0.13965602418698428, 0.16573310355538612, 0.17649148729364827, 0.25079252717689482, 0.09501967176836898, 3.8911035056278873, 1.0605793891482518, 0.57975035579640455, 0.36637657906655219, 0.68857126928657708, 0.11912482473714271, 1.3166394777357018, 0.11954967397333609, 0.22937440928658098, 2.9816113922444183, 0.15222316445733089, 0.18489931824034445, 0.33220198401292927, 1.2016903916375958, 0.15295327669733227, 0.10819762408243064, 1.0773348253684283, 2.5698125828486056, 0.61683865819106143, 0.12361413459416369, 0.88354829593993034, 7.0771696026848447, 4.019619100846417, 22.348046498000141, 0.9072940412470345, 1.6055466977141273, 0.67060111544946022, 0.36038957130494403, 0.1473389256604373, 2.6632100531157836, 0.27258136533299987, 0.70066879063542498, 0.18068097586804474, 0.33134544309125502, 0.25318033943459206, 0.66004750061904627, 1.8919873887858896, 0.52612410263034304, 11.641093611032435, 0.38968080938020316, 0.099523971251801971, 0.22240910848368142, 0.4223013923806852, 0.1576741038597643, 0.50895692075003451, 0.39875892580984312, 0.24340800303758983, 0.28064411805629286, 0.22882729419592127, 8.2417354465160368, 0.10210602053132309, 0.42008338932174377, 0.5036988524181738, 9.4929731982304357, 0.3981733080539433, 0.21981573444646629, 11.163716457800483, 32.102005880036479, 1.4981681491781973, 0.10803419643081059, 0.5736839200349465, 0.17417379704301056, 0.17982584556292305, 0.69037920031820443, 1.758764841961685, 0.35198842229175403, 0.11177538260546062, 6.3660116554499959, 0.4878660144298253, 1.6749298599279303, 2.6411270867963585, 0.27871901146791112, 0.23241605360508458, 0.1096438638912718, 2.6969602865357052, 0.66023922607322871, 0.14465365674573563, 1.395819191547621, 1.3982972961328155, 0.19236316419750266, 0.2438005208471723, 0.10117922174438991, 0.63132678251810115, 1.2565592750897754, 0.18563327976735611, 0.51791513756011476, 0.41226321427576007, 0.57188027618148862, 1.1836485025223498, 0.26505109016100209, 0.39576478331516152, 1.2422790207726426, 2.9797446668004963, 0.11669906894768185, 0.29760373518897942, 0.38612875371996241, 0.27351895198823811, 3.2038299185089256, 1.3015708248239235, 0.12072606717559926, 1.8449036019854783, 0.26542660739388535, 0.1793186004152347, 0.98729802799900523, 2.0234881687510762, 0.94252885456876345, 0.42435317259100186, 0.86204583599799611, 2.404598527485216, 0.78912469572878274, 0.56010811134616922, 0.22212579437860486, 0.31413231734559899, 0.35399903211983014, 5.9181263137602187, 4.2443406046464176, 0.23947247453781573, 0.10062617735707265, 0.16890081300008053, 5.1718666241331634, 14.138912350693753, 0.3144475197985212, 0.15084345412058053, 0.30339513751445446, 0.46922056632167725, 15.833375509780753, 1.0677647581759073, 0.24014141661968844, 3.9481659886276854, 0.36725456330606299, 0.25654845361231904, 0.76320189071946931, 0.22454192957476535, 0.10237221866068277, 1.2955960302514384, 0.34921339577598426, 0.57520614249383983, 0.50425864057128733, 8.3678721090274468, 0.36073974144842336, 0.5718982578153704, 0.1154058472966638, 0.34048602986714049, 0.17154455257601739, 0.46220508783317621, 0.35376799012536098, 1.8966206561615235, 0.48543624915028033, 0.2427739346055558, 0.21755447178950812, 0.51356322741494742, 0.19253183823582226, 0.45459164789707907, 0.58088057735801635, 0.66843858997936023, 0.72697664932869754, 0.67163599053864675, 1.5455435652356411, 0.32648328239250601, 10.537210793121583, 0.3219328767510688, 0.17935488678910907, 1.7378414232688826, 0.45306767482278443, 0.18738975287119708, 0.58570696042585813, 0.43946892949120758, 1.2006213223120084, 0.24789197961022724, 0.77977374292021739, 4.4955425931651174, 0.10165477480167848, 0.46412433367337469, 0.19192365502846734, 1.0469576701586885, 0.13091634017241666, 0.36054068259348054, 0.76537054165624818, 0.42336724327946273, 0.3928453605999071, 0.4037761794202992, 0.20583291686564809, 0.10100580237662733, 0.18868272440394773, 0.12852276873446886, 0.26524428910041353, 0.43707664491352849, 0.7725937612086452, 0.15190949236359116, 4.391867300488669, 0.33239675498341309, 0.23425895416337483, 1.3056719048663019, 0.61474699329894011, 0.095953696482880088, 5.6170565865611595, 9.2885427705932901, 0.10071476661358597, 0.11998592982782527, 9.6220521967928327, 8.8837045415781937, 0.97637849607208427, 0.3954151966872223, 1.7498797150074357, 0.39510220975348226, 5.898019359000644, 2.6175991265800351, 0.11162241651604511, 0.27085632280021549, 0.33952833493252077, 1.1075981817523328, 1.1157308606119827, 0.74347130843914189, 7.7442339902866122, 0.52667522876115769, 0.23292917142629221, 0.68588577955061258, 1.2486353368367118, 0.34238207798227749, 0.95005686529922417, 0.2699745967359124, 0.38015651085163549, 0.14494040187361221, 0.86908640711445306, 0.25750549805789563, 0.3076423083568533, 0.13544477806290908, 0.51863586486494218, 0.20544001573825682, 0.20835451062724275, 0.27218743426214143, 1.291032194960698, 0.91015045546116924, 0.11358204174991575, 1.0576711401851009, 0.23121206086626284, 0.24100282862313077, 0.27710769279302305, 1.3759298896703247, 3.9752487670004224, 0.28859282789321633, 0.11373379128150683, 0.3812472628157455, 0.49133835162689654, 1.9777719289415601, 0.40008715722739779, 0.44365225903718652, 0.57266413192040999, 0.10089923259780054, 1.0278637226455647, 8.2417898730301964, 0.61644627706624899, 0.88051465241832561, 0.37030301262059395, 0.72409012285349261, 2.3270184874597115, 0.43220416469807638, 1.8809674978053168, 1.8600007249289192, 0.90114091598463752, 0.27320146994467881, 0.51812942118523075, 3.2549809817603177, 0.3086736281395322, 0.14449392048986073, 0.39385758354942713, 1.7238814949003827, 0.83496989716825631, 0.20086702135318307, 1.4199934650378792, 0.16361039603546351, 0.51816732838871893, 1.2727643463255678, 0.66649512200387273, 0.17768257049113426, 0.28195554562049818, 0.97447094331899042, 0.48372069808162121, 0.53912014648644124, 0.13793908273080627, 4.1087427726432955, 0.86476233635442801, 0.17298982062726495, 0.2229507869591251, 2.2684759126230549, 0.95235833102463352, 0.10387380418445459, 0.12089636285292857, 2.884383443562498, 0.5024194889952257, 15.210237636180009, 0.28521068673805156, 0.8860041174338894, 0.34782499855884014, 0.34460961039677196, 0.79757243136974398, 0.70438407360324073, 0.63562422744773472, 0.55835513811523418, 0.10075621389960833, 29.904279263347053, 0.25350810833024667, 2.0496767076727891, 0.26432090673814029, 0.358775179548323, 0.66556187137160527, 0.83834226051278893, 0.25390352597047167, 0.11703328699528581, 0.66359243370934384, 2.05407593403047, 0.79867808118191641, 1.2074761219688459, 0.13441631017019925, 0.403242829449451, 0.16290213602369061, 0.88627832178677979, 0.57756483676674408, 0.55561219661120265, 0.26112248888596723, 0.23024756599650523, 0.66043912268103289, 0.56092554985754028, 0.11413528195689557, 0.12655102860591291, 0.7311836813712872, 0.62091667396000494, 0.16088770514187087, 0.14558267570430419, 0.4258021307298126, 0.52322926682850102, 1.0231172018893036, 0.096734288604572727, 0.16762290683007797, 0.6071913052226684, 0.48808151684880158, 0.21013552493012197, 12.269591794696098, 0.43973754948277927, 1.3570612758710983, 0.60265972057929662, 0.33196774841978105, 0.94589131372148494, 0.18499100481050751, 0.46034046801456463, 0.35745350065724507, 0.32464369970607398, 0.41467052241989077, 0.69519788937600702, 1.2617386080746642, 4.7991884376044158, 0.2438766247644473, 0.18070407839720823, 0.60622014901405674, 1.4462692767943175, 1.3657404950354302, 1.8709549933152054, 0.65434244752053961, 0.74559502035589975, 0.14885340832581762, 0.32275348507975249, 0.33860440748257187, 0.27750376252559866, 0.25789585037500445, 0.10153771621169268, 2.6819915588135101, 0.62018807015603727, 0.28409600517899414, 0.25150179542915896, 1.3759659299129507, 0.35610149344454556, 0.20250903112491178, 0.47770350973302039, 3.6829525128367964, 1.8035948214007909, 0.19893026325567439, 1.2689748114396024, 0.21078078831952632, 0.42862265478743117, 0.38963324749040507, 0.22273270562211706, 2.5738055662751753, 1.604726351230694, 0.17567205940368494, 0.21354924673311923, 0.17944126182059864, 0.13627723226233138, 0.14616617801661325, 0.44632295898768115, 0.3399093429609048, 0.75816727559029784, 0.15973766489659783, 0.29249956206232525, 0.36028191137998333, 1.6272487987944617, 0.39844248302775581, 0.39090530112704175, 0.11120069916566873, 0.49643765596412542, 0.14100146165619207, 0.27451497860694984, 0.83341666254810243, 1.0186145352751674, 2.5778359036843486, 0.11137793746969192, 0.57707716174075485, 18.376873549171702, 0.75668285796929535, 0.40296722986339606, 0.30465325520693604, 0.12362534935343208, 1.1842830360371759, 0.19038144353861458, 0.15820171440942801, 13.011557478929655, 0.34048637084754962, 1.4574217972716044, 3.1285139621779638, 0.42529314427714404, 0.63251252947568848, 0.15923544991223931, 0.63491842852743019, 0.27817395040815268, 0.52921103983815998, 0.47876391073944236, 0.21303047906671449, 1.6445131232259527, 0.95798075745027211, 0.68843191074983678, 0.50752890619980473, 0.41391072478797025, 0.60063327162452307, 0.48505676142339021, 0.14648267741741799, 1.3988342544024417, 0.24625838890258056, 0.84996677958979705, 0.1392020179699735, 0.11188948676104032, 1.8487301632998543, 0.20912108131511192, 0.19784122315421318, 1.2053807263916545, 0.26970111624883442, 0.46806462783042563, 0.87836146586047392, 0.25725812754479505, 0.88954569503153158, 1.5380527014093881, 6.0695980147816888, 0.19690095389709994, 0.68637350362964189, 0.30517990433424586, 4.6685407911356087, 0.47316904774888124, 0.40345963508438415, 1.5033246475477422, 0.50418824945918206, 1.1040841477024366, 0.55523557825219738, 0.20214683960947649, 0.31841486590326545, 0.3072351237964297, 0.19139971315994092, 0.24234912172081541, 0.097307189935387672, 0.30066698163245204, 0.49818217506732781, 0.098785378141554372, 1.89667781152832, 1.0086698754117132, 0.11948289557958798, 0.25797920969263832, 0.13452325151549396, 0.16237968527997332, 0.3504304249501336, 0.99030851570570433, 0.09948063617031451, 0.16639743241174149, 0.44200123761220533, 0.14862337588575281, 0.49156236415865012, 0.68070066431170828, 0.20253285199476123, 0.43534036783394736, 1.5096278412742237, 0.14675865477497729, 0.6878713349673804, 1.4576632590240908, 0.31501812548884478, 0.32862785190734572, 0.16647532705631554, 0.39780452351822099, 0.30995556217828379, 2.7588175283731968, 0.19769182845929018, 0.29581864830940263, 4.5376753719071345, 0.96171880602198523, 0.14937135966722248, 1.1221848446478828, 27.55720790215468, 0.13654339172108157, 0.10262319115572192, 0.10819145507997949, 2.2498500961371808, 0.2200308542907296, 0.14960160242029483, 1.3058934158783837, 0.22374637052917737, 0.51191621072079174, 0.20601808915645342, 0.90312379208933324, 0.73773974553279231, 1.6096655016969317, 0.11203647923707513, 0.10035321049422839, 0.33505549156137593, 0.31638624081400141, 0.55965219351624274, 0.35765798179313951, 3.0669399644934137, 0.57177726416731012, 0.30034273154226626, 0.34656573864292289, 0.17118807766269931, 20.505947118945745, 0.96587744344590432, 0.15343085840685183, 0.1022526731944485, 0.44448668566425792, 17.671460481412467, 0.1989452914481791, 0.9030749682516751, 0.1087414474569441, 4.4453188308852178, 1.7323143022076519, 1.3443922006865425, 0.24930006816562242, 0.13507410232914147, 0.90386810608699875, 1.0473876422730573, 0.43272731808857207, 15.714247478781219, 0.34756060523306659, 2.0971440847338285, 0.30438987467004913, 0.86877967188642014, 0.25136775163630248, 0.59781451639172933, 0.1727249455014602, 0.12594260093543022, 0.35013037961135396, 0.10975802723321317, 0.13206632996385681, 2.3894292330412759, 0.39897426526539254, 1.352700101720999, 0.71480792250801295, 0.79744961073081111, 1.1388487042919928, 0.62140701053018532, 0.34091008920176613, 0.3940701910794675, 0.79622584280681985, 0.38664647434514893, 0.12054887157046726, 3.5798435358078553, 0.35328821080464801, 0.15245428046655973, 0.19933220092074208, 1.5496959503275018, 0.41009545830255262, 0.88113165023238793, 0.31202355258682835, 0.31347144303824553, 0.66317976712300641, 0.16217557525916654, 0.0956052143312143, 0.99050334538802187, 0.21436846695196896, 1.01414347803172, 0.10239170879176092, 0.16409615900270205, 0.28006903933229849, 0.12127709875939262, 0.15369957388594727, 1.3209630126109146, 0.31598715539421118, 0.74028233979081781, 0.6848402863665406, 0.82595541837192832, 0.38873861957689831, 8.8814418185109947, 0.63226959105436586, 0.25550755730776037, 0.16535873749822161, 0.53421729906013948, 6.6358310903687645, 1.4399020190513405, 0.48305646752372716, 0.98026118423073871, 0.2365759525408978, 0.21300619340532503, 0.4801767400713981, 0.23011522113685748, 0.4506546277541128, 0.22203225029536897, 0.61859357925502712, 0.92502518400399203, 1.5999798732677104, 1.8733617753749956, 0.38384461858605146, 0.10868308181233513, 0.44056103347325842, 0.85333440781450198, 0.10088629111917889, 0.17080221295327075, 0.23138080662852739, 0.15915686980348775, 0.453601292981413, 0.13293001299599608, 0.93683814789658237, 0.28836084128819317, 0.27916920474086632, 0.20552329317018966, 0.89372677487392871, 0.28953316700381904, 0.15444855669257998, 0.17675623441585739, 1.065864026023934, 0.16898631957833202, 3.3443190739424695, 1.5914080493556455, 0.13804932018855853, 0.1896056574086035, 0.22250046204775001, 1.3298727521792981, 0.53015945574314882, 0.13778546528306826, 2.1227631664925757, 0.11950668200903444, 0.40295913814365403, 0.52405594682006973, 0.52038670683353883, 0.12039678383840455, 10.145113031171212, 0.70881135120988892, 0.67986969546953435, 0.34145393818280356, 0.24532338053238253, 0.10076346232045247, 1.8156130116219682, 4.6836743069629341, 2.6920400091362735, 0.42215197400019228, 0.88491552993670819, 0.20904868557126985, 0.72883869481144581, 0.26424566043493802, 0.10533473258508748, 0.18158766414202374, 1.2688655503247777, 0.20460852170739868, 0.63000578133753504, 1.7538062567026964, 0.69755184321305208, 0.32622714854638069, 0.19884738729875531, 0.90630359497515622]
Median: 0.42554763750347835
IQR Low: 0.20335101459860436, IQR High: 0.5262353270898028

Raw data N>2 Populations: [3 4 5 6 7 9]
Median: 5.5
IQR Low: 1.25, IQR High: 1.25


===============================
System Type & Avg. Detections:[['JuMBOs', 'JuMBOs', 'JuMBOs'], 0.25]
[['JuMBOs', 'JuMBOs', 'JuMBOs', 'JuMBOs'], 0.050000000000000003]
[['JuMBOs', 'JuMBOs', 'JuMBOs', 'JuMBOs', 'JuMBOs', 'star'], 0.050000000000000003]
[['JuMBOs', 'JuMBOs', 'JuMBOs', 'JuMBOs', 'star'], 0.14999999999999999]
[['JuMBOs', 'JuMBOs', 'JuMBOs', 'JuMBOs', 'star', 'star'], 0.050000000000000003]
[['JuMBOs', 'JuMBOs', 'JuMBOs', 'star'], 0.69999999999999996]
[['JuMBOs', 'JuMBOs', 'JuMBOs', 'star', 'star'], 0.25]
[['JuMBOs', 'JuMBOs', 'JuMBOs', 'star', 'star', 'star', 'star'], 0.050000000000000003]
[['JuMBOs', 'JuMBOs', 'JuMBOs', 'star', 'star', 'star', 'star', 'star', 'star'], 0.050000000000000003]
[['JuMBOs', 'JuMBOs', 'star'], 9.4000000000000004]
[['JuMBOs', 'JuMBOs', 'star', 'star'], 2.5499999999999998]
[['JuMBOs', 'JuMBOs', 'star', 'star', 'star'], 0.94999999999999996]
[['JuMBOs', 'JuMBOs', 'star', 'star', 'star', 'star'], 0.14999999999999999]
[['JuMBOs', 'star', 'star'], 15.199999999999999]
[['JuMBOs', 'star', 'star', 'star'], 5.4000000000000004]
[['JuMBOs', 'star', 'star', 'star', 'star'], 1.55]
[['JuMBOs', 'star', 'star', 'star', 'star', 'star'], 0.40000000000000002]
[['JuMBOs', 'star', 'star', 'star', 'star', 'star', 'star'], 0.050000000000000003]
[['star', 'star', 'star'], 44.700000000000003]
[['star', 'star', 'star', 'star'], 11.300000000000001]
[['star', 'star', 'star', 'star', 'star'], 2.4500000000000002]
[['star', 'star', 'star', 'star', 'star', 'star'], 0.45000000000000001]
