Raw data JuMBO Systs: [ 13.  19.  18.  18.  11.  14.  19.   8.   6.   8.]
Median: 13.5
IQR Low: 4.75, IQR High: 4.5
Med. Survival Rate: 0.0675

Raw data New JuMBOs: [ 1.  0.  0.  0.  0.  0.  1.  0.  1.  0.]
Median: 0.0
IQR Low: 0.0, IQR High: 0.75

Raw data SS Systs: [ 157.  204.  176.  180.  158.  162.  174.  172.  151.  184.]
Median: 173.0
IQR Low: 14.0, IQR High: 6.0

Raw data JS Systs: [ 28.  23.  18.  19.  21.  15.  12.  17.  12.  25.]
Median: 18.5
IQR Low: 3.0, IQR High: 4.0

Raw data JS Semi-major: [245.23693694425774, 449.8130362849451, 673.13665325357283, 204.77324687506609, 424.60617323466101, 835.08695735837148, 345.26663962715378, 542.55107620980868, 745.93097500728015, 944.8195733040244, 101.40346824819645, 478.79415696247111, 687.92491973695758, 439.09998070387502, 908.30953592583489, 744.06057292592641, 418.48489652244047, 688.17051240381363, 567.92199035065028, 832.68625625007041, 490.19479203400971, 524.07351997128058, 482.04664195788223, 990.52986766235995, 621.11119451990021, 764.74162391409061, 406.97173051262359, 766.59009132081314, 740.48935330742381, 822.88355872670763, 726.99682069223888, 345.69567807003267, 720.41164496185036, 677.94379454677437, 261.99177985151351, 474.77653169474269, 725.26928917467001, 509.74702099880494, 979.83459502494134, 260.73160406336871, 956.41438737830731, 250.27389311430164, 496.75225870562792, 287.35503877669294, 984.22109013369356, 533.58305765121042, 410.99643709112252, 428.70804129268674, 559.47194228617002, 520.25460874147768, 480.68666822802606, 404.97709511288457, 686.00081689996853, 622.06634886344204, 926.10017426522609, 403.77203454353941, 403.34247671497764, 350.04477069428248, 211.46939419435196, 739.33493787810687, 347.41586922906555, 992.04474451703641, 686.97601388006217, 278.17883591916825, 63.77729520489968, 302.15608920465831, 383.20193452257269, 330.92344700710902, 488.51355479885751, 422.34787908940774, 733.34518608240307, 621.93305520012257, 212.22382597817455, 158.94015562200408, 810.3744930638801, 668.00676358634928, 511.25052348967517, 751.05890225159806, 892.9058725261591, 460.69616748098758, 430.01892183995261, 559.01288294518122, 881.13827949626898, 455.91566637157814, 157.76601812580299, 955.72821329803105, 867.42744940915327, 845.23646793294199, 315.32304821280093, 95.312032372860898, 215.8190209086797, 643.97085483589592, 820.5391949233491, 651.41279463426918, 299.14789781175136, 821.24306185653995, 942.69226240218268, 669.4934751301422, 841.39093648876201, 258.7752523183122, 720.73841854270358, 735.16348658226366, 806.90829145967734, 204.8336396080785, 338.45917388145415, 58.803087017387611, 148.96081622178457, 865.29650184862237, 843.83123400912189, 559.74366678479305, 831.45521882370861, 261.64994593493333, 627.84560717058662, 75.799154811816123, 994.71923858889272, 515.26020995094086, 647.28830607464931, 67.352291490800198, 369.19914143703824, 284.58418780630632, 459.12140445586783, 184.62580978392091, 713.3122361070541, 445.15683578620076, 168.02427254628984, 575.06626311462571, 823.13189864513436, 307.51344857326427, 267.62602359277815, 932.46870290103902, 393.34673917124093, 945.83663523191046, 283.00410260623738, 495.87219942806092, 828.69335772816885, 658.40256432508056, 960.03373861907301, 502.6366656866719, 458.58879751421705, 652.3989109238421, 646.51304757326852, 845.82534595992274, 184.57803190174198, 903.18021277900596, 675.67091290730116, 140.32705883467278, 167.39940809924653, 684.6229963765436, 388.91897722732875, 439.08876003595509, 139.02023868446193, 334.22570991492853, 466.46954365043104, 554.14034305735242, 586.79240703360313, 902.10860835370579, 558.45366110341229, 663.47756943605566, 775.35168794163496, 169.13272256888979, 511.28275020303226, 796.28437479095408, 977.39199410389938, 461.25119950227736, 327.62943812837699, 752.41005244129531, 544.35879499479313, 659.19792976808719, 925.7843888072407, 519.58101374291846, 138.20348904413802, 863.83326825316749, 829.78171617248859, 928.83547750669834, 383.51143239198342, 956.60914608067003, 34.461164279645288, 654.95475435345281, 286.9084330037287, 346.16119842786446, 659.78277224445571, 682.39634564316623, 819.04430741818726, 476.39400139170749, 350.43910573726345, 906.4498789614247, 638.21250368594258, 519.61534178595696, 418.1586054798135, 288.99463936332199]
Median: 538.0670669305096
IQR Low: 189.9939723351398, IQR High: 211.709853510009

Raw data JS Eccentricity: [0.61932540645808754, 0.090910990674559558, 0.23504332917393009, 0.42323947529160255, 0.57086933572133758, 0.44405730498574097, 0.81027193371526529, 0.94284658301083646, 0.33811453974945099, 0.83760805111741343, 0.7672065701557137, 0.62375903175284531, 0.48466789074762212, 0.87859428992216693, 0.98727275060535613, 0.73445449647655436, 0.81014819851094488, 0.20358407108145732, 0.92518012582262521, 0.86268914631701188, 0.66189473155689948, 0.96657686230570072, 0.98559327433757005, 0.4766061318180968, 0.024343637757132421, 0.67927941835210182, 0.88406410234626154, 0.86732658648812799, 0.97178039232029556, 0.93305983230743716, 0.87684059106480805, 0.30057673767536536, 0.41841421038362836, 0.96159248578630296, 0.98887010228985461, 0.91350842683260192, 0.74029340142921174, 0.56558528078742132, 0.39529051149885702, 0.25279648725089932, 0.78656374776005811, 0.99427627792161466, 0.97419866261650845, 0.82181246950770304, 0.93962248010541571, 0.47463623682162392, 0.55310540390862095, 0.77210809593349139, 0.31832742158248584, 0.53923162891338239, 0.82604799689914077, 0.63006130883789002, 0.86278106967316992, 0.75186149440244854, 0.95728361360845515, 0.67383467945261188, 0.72762596308707217, 0.15476163863915857, 0.49746630277692366, 0.52855325514665374, 0.96958495466302497, 0.74357472266647373, 0.15405083560031857, 0.74721899391356106, 0.69285747713366708, 0.99425443020053594, 0.69958939197758918, 0.86564714369916551, 0.82416252604120366, 0.99841222972587607, 0.72380048514062223, 0.58155035949437617, 0.2807111909170002, 0.88275132931534517, 0.11240654207023329, 0.75023958622178077, 0.54533407151386948, 0.81471472069383122, 0.6810106592201034, 0.95935246663542473, 0.9681086877053614, 0.7870581957842202, 0.77744499471232598, 0.19510378331453132, 0.53708157268294032, 0.99897317762106153, 0.83241003636730537, 0.99433465422262457, 0.76456599949572601, 0.60243264835667687, 0.65999510990628762, 0.70173252804573283, 0.33212762246685901, 0.53555467738466189, 0.90889696992608437, 0.86976687691815535, 0.79561742513441103, 0.75159554489549962, 0.83860944037869167, 0.9549132848310482, 0.41186028850393586, 0.79280639892493565, 0.82269440068052047, 0.75723143150264327, 0.82132046147206572, 0.68092078926665434, 0.25580392127686463, 0.75037126984409175, 0.13902068576390125, 0.56275311432682162, 0.80864411460212926, 0.87128021740462525, 0.92166891920754923, 0.82711453678509983, 0.55770082556651379, 0.22425669445089649, 0.92904443994489461, 0.29807707691571678, 0.13830731161302992, 0.3600777672179129, 0.74436276779335397, 0.4111805532343773, 0.053015573747917918, 0.60319187115127404, 0.95482624050096576, 0.40845979134981719, 0.64844621933275914, 0.19795831908541128, 0.31139290327194474, 0.81565561238457163, 0.87875596437201386, 0.90564293004819718, 0.93795201909133386, 0.79936053983967625, 0.17859949318384366, 0.45222753482393996, 0.54153371866312694, 0.40527664751891707, 0.69525505886181627, 0.95215831709867338, 0.78029780575980456, 0.46780802881701505, 0.7295549609391947, 0.82994384956649181, 0.74861609375127625, 0.59074769479752931, 0.98278026154646947, 0.73328729244349955, 0.8129332653518504, 0.70136251194068744, 0.42199476634968092, 0.48930497253389266, 0.51644301200480269, 0.067573385901392863, 0.84886219405187879, 0.85133357848911717, 0.86566360515273233, 0.23952402201593184, 0.28640121995473061, 0.92576204294081743, 0.94832896059874783, 0.31319465768644889, 0.79522062231077173, 0.27397429035036247, 0.87854326187321952, 0.36929306918510257, 0.91634828769749599, 0.98399264225099559, 0.43856797555428884, 0.57110380931957405, 0.59936628780236334, 0.96633054544476615, 0.59648764192642367, 0.09465680419258031, 0.34801544054472128, 0.54332096652977757, 0.5720054938610013, 0.27983576024787954, 0.41883213656374091, 0.83294206415706951, 0.87780077808640489, 0.12975141735219431, 0.61797329163825609, 0.96937927946926739, 0.23553787384423147, 0.72091709295824546, 0.58064185759455844, 0.76718193708538096, 0.52399080179241919, 0.92770186284196687]
Median: 0.7285904620131334
IQR Low: 0.2590753811949661, IQR High: 0.13706902777620722

Raw data JS masses: [1.6849977047371478, 0.16554776356000772, 0.25096807899732859, 0.50097011529009605, 0.95861451903188943, 0.16810777847207684, 0.10332304024867416, 0.96646462837500768, 0.12841552668476339, 1.6877978976255816, 0.60969395708352658, 0.26491889705693533, 0.39812115042021345, 0.43164606204924982, 1.0183151450224071, 0.35180769700484621, 0.58550044368432019, 0.4216601934195166, 0.14800338197737689, 0.5235400061912473, 0.26382047682804827, 14.509501162956655, 0.59364877081425338, 0.88184607552996197, 0.1694908949872527, 0.29219134479888637, 1.0703344776369139, 2.4026682119504406, 0.40960376220982075, 0.53519288366988849, 0.15365409302109032, 0.26370267819743354, 0.27056253544786613, 0.23834710146371924, 0.15891962612285543, 0.38226532623033727, 0.20995256713738003, 0.15862770189867473, 0.97542714581205425, 0.22757275050777812, 0.1167698014749731, 0.12072405473569306, 0.32617311635535384, 0.56943447468374686, 0.33167937656805063, 0.77755154631683665, 0.79030067424058292, 0.41311938900095063, 0.36716522782147781, 0.63669847240561439, 0.3311691155674642, 0.78990277207886661, 1.0309382460282335, 1.5993349014737492, 16.944359270588134, 0.32702992129971953, 0.78207492046240057, 1.0439723212731049, 1.0794160086199762, 0.14413604652515286, 0.74100843874333977, 2.4600753647325959, 0.59840374719409717, 1.5343263140745473, 0.39552335650761677, 0.22319117094385926, 0.13175112723451712, 0.10395150919792456, 0.62157995657755571, 0.57717094268451774, 0.46324527214889882, 1.3291501925055724, 0.33008510650295131, 0.10518747261734623, 0.59689817921119792, 0.12907233444543151, 0.11717554994552332, 0.16600144878950052, 0.11298704817967052, 0.17232495554912333, 1.7304681853325652, 1.7091761548022697, 1.4207032145717424, 1.2249039893419933, 0.9935253625110404, 2.5227530840369941, 0.10473614176612285, 5.5135003873622246, 0.46300849485142515, 0.75649479276388099, 0.21373903246753315, 0.72863402256304666, 1.718296492307571, 0.30889875449168569, 0.87039764823041088, 0.17624473729657969, 0.43923658118086617, 0.65719556526208733, 0.4830731253063858, 0.58495211307769501, 0.52980227281382541, 0.14915307451284754, 0.19431443301684806, 0.52251504584811204, 1.4359743208040514, 0.26452235943061214, 0.30664781076557845, 0.2762347825032867, 0.12098064608299283, 0.60151003770883582, 0.79243910984603616, 0.6345321108662294, 0.54981793508373267, 0.59898729670819451, 0.60898252977110223, 0.97276234505783166, 19.485539650252822, 0.39070325462772576, 0.17936268367668232, 0.33276168404560247, 0.17019368837647728, 0.43631155199462685, 0.67524521861549047, 0.24371653783643912, 0.25766684448177113, 0.41703319052758775, 0.11209162261973103, 0.12481490713477224, 0.3382071304191907, 0.522284822334109, 0.69088226091690408, 0.64110030445308519, 0.34338985559809582, 0.40537916724056899, 0.47620292414008969, 0.47831264685760871, 1.2402036289898395, 0.30232471696381852, 0.1239845565773197, 2.9952724377717197, 0.20670640854887873, 0.48838079604210471, 0.24939178242059967, 0.47596229579879806, 2.6146076264967828, 0.12776479907970051, 0.10543664521697671, 0.20624828938148673, 0.39799143540208648, 0.32017416339696703, 0.20925013735510378, 0.19695412532912349, 0.39170361840660273, 0.086403402287363124, 0.48370617399727617, 0.93074240641261596, 0.34353258609380816, 5.3172861690418394, 0.50540695622297971, 0.57288546747883695, 0.28167741140648234, 0.89926853032121945, 0.095433497667402209, 0.26792396971127791, 0.27279298119812539, 0.20195132741467015, 3.3428657519087981, 1.3003515652550242, 1.1598298784104342, 0.29514539793993605, 0.16507569664682187, 0.16697358178317409, 0.89686852766275615, 1.3201765817335622, 0.91960208574915114, 1.3490340350265912, 0.1028428934831906, 0.11011789247845215, 0.60469839791310764, 0.84186953112770391, 0.2941853572445865, 0.7427102145261123, 0.25877927337334733, 0.2476173851427689, 0.22985881901400629, 0.94171604555695909, 0.1076337213383262, 2.7140878061072242, 0.092800247207346226, 0.30490858140585592]
Median: 0.4193466919735522
IQR Low: 0.1950601261387132, IQR High: 0.37085450672660164

Raw data N>2 Populations: [3 4 5 6]
Median: 4.5
IQR Low: 0.75, IQR High: 0.75


===============================
System Type & Avg. Detections:[['JuMBOs', 'JuMBOs', 'JuMBOs', 'JuMBOs', 'star'], 0.10000000000000001]
[['JuMBOs', 'JuMBOs', 'JuMBOs', 'star'], 0.10000000000000001]
[['JuMBOs', 'JuMBOs', 'JuMBOs', 'star', 'star'], 0.10000000000000001]
[['JuMBOs', 'JuMBOs', 'star'], 2.1000000000000001]
[['JuMBOs', 'JuMBOs', 'star', 'star'], 0.29999999999999999]
[['JuMBOs', 'JuMBOs', 'star', 'star', 'star'], 0.40000000000000002]
[['JuMBOs', 'JuMBOs', 'star', 'star', 'star', 'star'], 0.20000000000000001]
[['JuMBOs', 'star', 'star'], 6.0999999999999996]
[['JuMBOs', 'star', 'star', 'star'], 2.6000000000000001]
[['JuMBOs', 'star', 'star', 'star', 'star'], 0.29999999999999999]
[['star', 'star', 'star'], 41.899999999999999]
[['star', 'star', 'star', 'star'], 7.0999999999999996]
[['star', 'star', 'star', 'star', 'star'], 1.5]
[['star', 'star', 'star', 'star', 'star', 'star'], 0.20000000000000001]
