Raw data JuMBO Systs: [ 3.  0.  2.  0.  0.  3.  2.  0.  1.  2.]
Median: 1.5
IQR Low: 1.5, IQR High: 0.5
Med. Survival Rate: inf

Raw data New JuMBOs: [ 3.  0.  2.  0.  0.  3.  2.  0.  1.  2.]
Median: 1.5
IQR Low: 1.5, IQR High: 0.5

Raw data SS Systs: [  98.  100.  110.   84.   82.   92.   92.   94.   83.  113.]
Median: 93.0
IQR Low: 7.0, IQR High: 6.5

Raw data JS Systs: [ 29.  34.  34.  15.  29.  24.  14.  17.  15.  17.]
Median: 20.5
IQR Low: 5.0, IQR High: 8.5

Raw data JS Semi-major: [108.34082046174085, 37.907976165173636, 122.62935930506555, 227.14232529877125, 140.88503623264808, 156.88326797170626, 552.00692148240546, 855.13807205246428, 186.56757707039802, 80.515777256097024, 267.61296485677366, 198.50232078271696, 151.6027247426525, 31.644500074940847, 58.807918532543482, 462.66511162256933, 436.01622208263717, 365.69592549112065, 260.22637052480928, 202.9975660518287, 574.86954719425216, 750.79112250422872, 200.58574971729803, 398.08365046957834, 390.22114523312922, 43.880245802457779, 215.73878354035185, 363.95188867236345, 450.51005190037984, 26.813335425542533, 45.314974477769333, 75.188519413791468, 261.78152353689563, 820.80451850798238, 27.69071609128871, 233.15553705044258, 176.58681954282596, 162.01962923663339, 229.95906280246908, 136.18203401000969, 46.386654423069757, 518.72719355692948, 311.67756544844332, 331.72622428203903, 46.989918921558278, 217.16866460437356, 505.36323501806891, 715.83713545578928, 407.82098681273243, 462.1028191452537, 542.54162216143527, 58.687350047641289, 169.21846951720184, 619.96482505165409, 986.30671539522064, 464.08521746007159, 108.01248804542413, 505.00863260253607, 354.49326477207654, 340.37875961936197, 468.7182648203883, 646.11159659830082, 305.11455981404208, 605.96017110131356, 631.57712033906159, 207.12370803064121, 43.276560348332026, 585.05393294733483, 554.02749672871539, 570.44818783051585, 79.946147989052108, 224.14429662292287, 163.33704009014738, 48.301444177560377, 257.25623712256873, 199.75265628007804, 31.500098670519243, 189.25108229452667, 974.67644012810126, 170.45336657163202, 131.71825210291158, 30.546562151284608, 263.11287791091672, 164.70160710124037, 223.22659729406712, 171.46987129971569, 125.82230083016583, 198.36448316110349, 602.96542419882553, 344.87462389026615, 213.89580978932028, 586.83936056472635, 78.985002876252508, 227.05847396553722, 145.78358784173409, 468.98733523493615, 62.560105574836982, 464.56398349038187, 570.71492259062836, 399.08892519407704, 943.15239737067361, 981.46418427377625, 840.33439390027627, 440.82113781850472, 218.97993604482855, 281.50167322447288, 669.97831614904533, 604.0687778909047, 329.59740213730811, 551.69893796515873, 86.705965183256311, 256.46246857654364, 298.79282006212992, 624.62951475403929, 400.08312071609345, 847.48980306649344, 220.4354355961903, 315.72997434888521, 837.2463620193206, 457.31303832901858, 433.27699180620874, 226.63399360912371, 245.03051093846406, 266.95890899076073, 89.912396069892296, 348.00673165618502, 62.975732909376504, 32.699903549031262, 65.1317146734972, 225.93950489843266, 426.32921955805477, 392.81057926707746, 946.48806001102753, 391.54313967828716, 68.5647625635183, 191.52896592955392, 36.417669510452711, 329.98582725144081, 127.94278361062524, 249.74719544173166, 743.37030457419405, 157.91609275845255, 283.54406717682104, 134.82305684284975, 213.91411654162968, 16.354175844537053, 141.7808942357284, 468.09842291310804, 23.407672950756123, 164.0766454993539, 273.5438248496767, 384.54977263831535, 275.63697296556165, 115.72801521743273, 67.320842328249128, 52.404350178408521, 895.5782142321857, 684.92628495598444, 241.47784472971438, 535.82730442213938, 224.25857461571462, 485.56934565056434, 403.87028483645548, 282.86077958937085, 776.22028832240619, 414.95646615475891, 498.41135874734545, 77.247963733341933, 667.6312977962308, 993.67649080923798, 611.11260969677915, 725.06255127257202, 167.77959370909568, 144.3348186108567, 65.255822955610768, 359.30789844428608, 456.88423276058535, 299.29568115407216, 240.79274730120332, 616.32952198898647, 709.2018987341628, 907.34840824988555, 390.25999723674136, 160.61654619695534, 193.44453412738631, 427.61272524633011, 55.391213831116644, 571.31149729117431, 349.98261488789626, 178.14109773561208, 114.09764370325479, 972.94418051036462, 290.71164436230168, 540.7345824041289, 153.09320749214567, 491.81275009673692, 834.70084049165541, 640.58481144992413, 203.27076063295519, 290.77400910512603, 124.46222846393195, 126.98715361483612, 71.044703853083547, 529.64152365429663, 190.04114715310186, 431.84130150589453, 700.26761206901745, 23.294964727431729, 222.71335565840258, 354.07830692485862, 552.5083303837182, 326.03254591875196, 469.99490162144525, 117.13574698696922, 594.02296483251359, 171.28967718904909, 318.26674572348094, 38.898394218398828, 33.941920789813061, 275.61003289742644, 434.19133488930561, 548.56747699526807, 508.65967843877121, 865.92040707772901, 76.006837438235053, 419.43121149649085, 164.51522958679172, 309.36540781018664]
Median: 278.56932309501724
IQR Low: 122.63357024320112, IQR High: 214.89307916437178

Raw data JS Eccentricity: [0.20828151533753941, 0.86053814643907134, 0.78628756263624089, 0.60255240424543621, 0.45021748155004276, 0.49550012513404945, 0.59022606907646535, 0.4826998313326924, 0.91782781764551646, 0.72765236586495197, 0.81837516150838585, 0.91624890947958559, 0.29475907171282184, 0.73199574056536432, 0.80721336933128207, 0.70356711938535266, 0.99474282093342548, 0.96683699075387175, 0.48067399991770082, 0.48085934242982536, 0.9003935599150894, 0.66930138330458877, 0.62320030369160107, 0.71219315264929739, 0.99249886409298127, 0.62276385347307528, 0.92607131461735803, 0.66852634014295742, 0.88777307401355432, 0.54110839253266607, 0.91021870558832052, 0.71424825130975411, 0.16592529662687619, 0.85924720495214391, 0.27000705216505466, 0.8781533549521171, 0.59433188982262686, 0.13485305376149612, 0.55203972218888953, 0.56473975454108216, 0.63690146429737404, 0.95324488526442652, 0.76673656842406501, 0.92356393811513138, 0.69850632501202525, 0.71846294786782039, 0.43183834995797515, 0.86263894172805378, 0.64827655922675254, 0.67808077880472761, 0.63897718683900928, 0.87085381075207324, 0.66927769066508058, 0.7657968917239425, 0.69408780049888497, 0.74562301466795999, 0.77232796147587623, 0.86756849730907482, 0.69781966702658849, 0.90288392755257307, 0.78859760435029913, 0.65796540134575165, 0.37605893634329635, 0.49430050933239839, 0.72004911936625404, 0.85561931925074197, 0.49696184245082625, 0.56263227810859662, 0.90755764405070649, 0.58238532884386029, 0.59427914779497215, 0.80883055066332699, 0.27161172488267127, 0.63286297313789108, 0.68053641347858684, 0.75719889839028021, 0.6581310144766841, 0.97068862857781235, 0.53845080657807887, 0.52405615488622859, 0.99702756075044185, 0.83055903235951234, 0.86200731216317694, 0.43152016511011898, 0.78748654934909834, 0.86843995301947285, 0.94307869052147397, 0.4946500210988391, 0.96502865502299895, 0.89594883190453556, 0.94639688902167052, 0.58853125179364363, 0.89186148531535048, 0.51650303806343412, 0.41042533854889413, 0.36814075017735759, 0.87469502212254058, 0.9559893728772918, 0.77446158913445218, 0.2164290301612613, 0.38110859513794426, 0.55298430924764119, 0.5563147001617208, 0.8552218673798897, 0.71087939913390208, 0.89492011743492972, 0.94402997146213841, 0.47090099586394674, 0.50874839440226927, 0.78460120403464484, 0.65906035412396924, 0.90679617387591893, 0.15406479189860608, 0.38707412525867441, 0.40901112834967684, 0.57475210602571158, 0.95162003283552854, 0.60401807340933589, 0.51421655574059011, 0.43863320278440898, 0.44441703663509446, 0.82138260460559942, 0.69859730752870064, 0.84439291044965181, 0.96622812485665666, 0.81782694367381925, 0.81737880211073155, 0.40117519105461386, 0.93698028915772791, 0.94570936802945793, 0.56804508015447874, 0.82103049497067715, 0.72812426012300402, 0.24455453351460973, 0.97991705758180891, 0.97395677539116821, 0.64541484719950126, 0.68807292953569821, 0.53710131941810746, 0.41120280754916189, 0.65315736288188486, 0.48614919727586536, 0.36660702837945885, 0.58248135729471762, 0.87463660353178196, 0.93011170858168712, 0.51496663929825848, 0.91892412674832424, 0.92052383950928163, 0.74134640209759761, 0.61089011741195831, 0.70944899900906111, 0.95783483290641191, 0.80299070023987085, 0.8338227728094626, 0.68783760276650707, 0.65223628001003897, 0.50176165982405629, 0.73565734313001563, 0.27873561902751426, 0.34710650569066664, 0.69940736252353164, 0.99650439975915439, 0.88753433964509088, 0.87676608444313886, 0.54889040407238687, 0.93087737700523021, 0.81543146414984446, 0.63486569988479058, 0.64274648909687138, 0.86038282820751477, 0.53024006257505085, 0.94256025000107002, 0.91561854182805213, 0.73966544611603535, 0.39250071591243357, 0.48372832470822558, 0.48956023239421675, 0.72937306044762129, 0.5726791002956495, 0.12966511297586594, 0.7415857826895853, 0.36999682734933714, 0.45974804831188937, 0.51712956970981372, 0.98571647732303469, 0.69425213663638274, 0.62474415262654448, 0.99325602940182189, 0.88875087275641418, 0.92612613737154192, 0.87686640543358141, 0.3605193483470398, 0.53314771198727051, 0.62827992588346226, 0.36693929435697992, 0.53147727594719951, 0.98282405115347449, 0.86268264914678461, 0.76362583020488972, 0.52315225716021208, 0.91980098550817957, 0.94388436723326896, 0.89179235179737293, 0.39133934662777559, 0.66668243513374392, 0.46361790297937122, 0.41201211121637621, 0.8931090599700291, 0.95046200835095263, 0.65189401458242446, 0.9349913989057741, 0.81064439728422855, 0.84042659661536023, 0.76345237758391771, 0.92677281641161136, 0.80327528037191609, 0.78035859250584283, 0.26401629737904092, 0.63259438087342235, 0.77871687089501407, 0.77274166819210033, 0.66203062040957994, 0.85846454779518555, 0.66190321745954261, 0.18821931218102328, 0.97725231168751558, 0.76230767054496751]
Median: 0.7065080591972068
IQR Low: 0.17377795621995407, IQR High: 0.1652914497497936

Raw data JS masses: [0.23466086968140498, 0.43839781220754487, 0.63735945603178867, 0.66165244913116161, 0.56484432472747881, 5.0080997166198831, 0.70320081880110263, 0.08477658157637924, 0.3917747839300933, 0.50423928139118512, 0.087604093768376343, 0.114471885374508, 0.38614168557868311, 0.082429592393760825, 13.121591532939874, 0.55562129704560947, 0.1437347774161051, 0.32933101203237003, 0.18550358550912441, 0.92352301357907385, 2.8871894906233302, 3.0862660527746058, 0.08180536542318427, 0.44149010070165234, 1.0171098605710258, 0.14110248799525849, 0.24101476527972696, 0.60048806356954965, 0.50210718832392698, 0.098772267079963991, 0.24312161991450013, 0.15365943226497414, 0.45770895550026441, 0.34831818601150244, 0.15059196742587305, 1.0015067832027931, 0.26130622439191625, 0.11386125885668723, 0.16737324757850811, 0.41792008071404119, 0.09807364199282019, 0.92575174456613274, 0.80292476468395635, 0.21636094324294608, 0.32317646777060094, 0.14529292642874356, 0.16123005516173672, 0.17091168406289262, 0.46507161686352438, 0.32301370609055124, 0.10977726385410563, 1.8278543035023351, 0.91754930388209877, 1.1805665382202051, 10.60204605219646, 1.3386417266933173, 1.3282622229763787, 0.69207415383739745, 0.11065121494777316, 0.90222910883118723, 0.48412260262284978, 0.56472248296739203, 0.18956410314311786, 0.49307347677527491, 0.12291962268287346, 0.18098505026518713, 0.38492681157799347, 1.8661185612763114, 0.61346157753256225, 0.13129497964578563, 0.085540060998082382, 0.37283426963309624, 0.60630141438617668, 0.1741348698452804, 0.70981002188103703, 0.51587485108378006, 0.18337943562679912, 0.29915320693959851, 0.37575012430963889, 2.2857158870588505, 0.36183599069634187, 0.12753183291598685, 0.18008136521272441, 1.8874694783903372, 0.42143843467542663, 0.10902029259574006, 0.094500757665330823, 4.1759932223607192, 0.49576652768462331, 0.40945882036817366, 0.17074829152269039, 0.69912652147881682, 0.59181353296728512, 0.54081532884761807, 0.70193188485651914, 0.29127644943051073, 0.34885887318096254, 0.44782940905890251, 0.74993081411578777, 12.362880841646083, 0.17842823897284912, 0.41635564484574644, 0.14815149745358799, 4.8105853146233448, 0.39502710688235193, 0.16599790369787265, 0.43500670520788154, 0.12189346599593928, 0.74018229620534692, 1.3288039027702143, 0.33786202131345738, 0.59911137426221783, 0.40277054718913508, 0.29638026904318499, 1.7932263815955287, 0.46085042567774337, 0.20457228237418873, 1.0548470856725873, 0.51659114081052848, 0.16903172139597919, 0.27944324756092037, 0.24276366003078792, 0.57393193872045056, 0.23378947493116048, 0.092230767472494493, 1.9657358799529083, 0.41612623690916489, 0.14543464973752632, 0.13290263963834464, 2.0859127204401724, 0.9550666821136865, 0.17933165134639917, 0.61861819310566779, 0.20739001703252175, 1.3670911301100437, 0.10788809624366767, 0.86009775077817308, 1.1913631283981301, 0.19448173536981433, 0.45989800713426271, 0.33326232272238415, 0.78567468325191692, 0.11043110028132724, 1.039538848963921, 0.11050663808216933, 1.0075566365659783, 0.37263512391747433, 0.42747311546920391, 0.27176001468873157, 0.51202550754949072, 1.4137056020000678, 0.49064998065686832, 0.13642237347863678, 0.096412782057459512, 0.93996851597816922, 0.95479333236103814, 1.7425466117892137, 2.4269911539966205, 1.6779707002463067, 0.11688545723921506, 0.53034825334776792, 0.33145534710967806, 0.12731910786453571, 1.4743170965857144, 0.35065392322869193, 0.91181343361370248, 0.19486252182327984, 1.2597935680005405, 0.19086188840347743, 1.4019325998005099, 0.46210836552893336, 1.2885154273530748, 1.6126161695325092, 0.14650575076984726, 0.95115179066785138, 0.71808159307242814, 0.31700045842053981, 0.39178880697000434, 0.10145878070321995, 0.46949040582783852, 0.55270238694057128, 0.71209543959733901, 0.31677367228931608, 0.13503663783583539, 0.54629066843283658, 0.61049693823238904, 0.37852229601132464, 0.090915418230660711, 0.20049532802086908, 0.40012285641769274, 0.14060651544105091, 1.32578992489887, 0.19853097340444639, 0.30847257453066051, 0.34950067679622843, 0.30156858077096826, 0.45472700947666217, 0.1738195018535571, 1.453173613369664, 0.19989040666950167, 0.53726282880909282, 0.10735049996231576, 0.080596243185695332, 1.1397910511883431, 0.18318470382271451, 2.0129932725291209, 0.76782530810164329, 0.40694370286566345, 0.095181216816366251, 0.75376156452238297, 0.64112782573911664, 0.096308965646436165, 0.68862976130906062, 0.13696456838714938, 0.61887984406731689, 0.86682843412423538, 0.16795979863991947, 0.90592403004074329, 0.27563537372784191, 0.08081809468321334, 0.11628229504182619, 1.1454613016941655, 0.12366687974941196, 0.89140606709241965, 0.36926484971696122, 0.63009832373367258, 0.76374499343900049, 0.47181159403325262]
Median: 0.41624094087745567
IQR Low: 0.23634700413131257, IQR High: 0.34001648087408165

Raw data N>2 Populations: [3 4]
Median: 3.5
IQR Low: 0.25, IQR High: 0.25


===============================
System Type & Avg. Detections:[['JuMBOs', 'JuMBOs', 'JuMBOs', 'star'], 0.10000000000000001]
[['JuMBOs', 'JuMBOs', 'star'], 0.90000000000000002]
[['JuMBOs', 'JuMBOs', 'star', 'star'], 0.10000000000000001]
[['JuMBOs', 'star', 'star'], 0.69999999999999996]
[['star', 'star', 'star'], 2.3999999999999999]
[['star', 'star', 'star', 'star'], 0.10000000000000001]
