Raw data JuMBO Systs: [ 34.  56.  69.  34.  39.  64.  41.  37.  38.  40.  34.  50.  33.  48.  25.
  37.  34.  31.  26.  10.]
Median: 37.0
IQR Low: 3.25, IQR High: 5.75
Med. Survival Rate: 0.074

Raw data New JuMBOs: [ 2.  2.  3.  0.  2.  1.  1.  2.  4.  1.  2.  4.  1.  2.  1.  3.  2.  2.
  1.  1.]
Median: 2.0
IQR Low: 1.0, IQR High: 0.0

Raw data SS Systs: [ 166.  208.  207.  191.  190.  200.  186.  188.  174.  183.  182.  193.
  181.  193.  166.  170.  203.  173.  162.  129.]
Median: 184.5
IQR Low: 12.25, IQR High: 8.5

Raw data JS Systs: [ 48.  58.  69.  68.  64.  87.  44.  47.  71.  74.  48.  79.  45.  66.  50.
  57.  64.  41.  53.  35.]
Median: 57.5
IQR Low: 9.75, IQR High: 10.75

Raw data JS Semi-major: [510.88094906042591, 324.05792626477358, 177.79736625817409, 988.43051655542126, 609.74324969926727, 945.2395630812382, 567.44944970133338, 401.60827018492745, 476.02947234719301, 768.83203647483992, 671.07949946051963, 345.46699572988916, 657.34086078229302, 979.58633175077796, 529.47810566127896, 900.18127828669537, 54.619140407479144, 941.23696841571177, 621.1950459065755, 858.23649531209799, 826.1668971034552, 470.87199559437721, 950.917250688747, 279.63525054485751, 999.99623381409344, 182.89452052494639, 546.7226679723077, 330.74077103547461, 300.50090104983639, 411.07439799275545, 395.40539342846614, 322.99880330249681, 293.46979127373083, 495.24569769664345, 728.33098602477332, 244.99244884294333, 290.94136553424448, 475.80710163399266, 260.75557341397655, 296.84823477856372, 363.10005475421201, 799.48305674476512, 556.78394563581878, 827.79084942466477, 764.36993067385686, 105.71205044914616, 663.61657402489061, 303.60258088058038, 971.49681293026185, 945.9678981830001, 360.09844565223568, 759.40559147343993, 116.80087362146904, 988.50148756856629, 301.60127583407677, 132.62959597547797, 996.20772238361121, 979.32673024583073, 694.46226977606329, 642.0764635999036, 579.46632128865269, 350.94240991371839, 535.57815644511993, 115.97502372260958, 229.76079965232677, 523.60924795431151, 648.80933640049545, 491.43882594533602, 371.61814555282177, 625.27064584460493, 192.30290632643451, 507.29207774665855, 679.39993317525455, 893.84666224315106, 406.03313531769982, 894.37900472040212, 674.40396294130596, 494.60344920491923, 576.92054423131071, 726.6777798893811, 475.4800208828666, 295.60422449974152, 184.03593186234127, 959.8400190443914, 708.21872334365287, 359.63794537766643, 120.27585783717285, 497.18937907210625, 424.49061914367786, 123.13999111654513, 800.21623475393108, 58.283174234645848, 948.89167309822869, 296.45513639059561, 674.1263001792255, 587.94190666589191, 358.71041785352941, 964.28512866068422, 265.85169079620931, 261.70265558288008, 513.48806405590426, 975.08527006234033, 513.13332054825776, 767.55368503804254, 977.13833454741155, 206.31530457507995, 870.54327433379274, 886.3185553072143, 462.60971267620857, 422.66697783622641, 529.30942438507611, 448.61299609574564, 569.14744143884218, 446.98406444672236, 825.96931957962386, 439.05765041687204, 959.9571539519668, 654.24602873236086, 564.62084001866356, 474.70757863415548, 347.70956661721254, 242.6338032441671, 430.86120239292234, 232.60365983541755, 203.3409610888489, 45.409292165560402, 633.64655633923451, 133.71204040368869, 499.34745712565604, 134.30813519730683, 87.896493635787508, 974.98966888484949, 167.13775724026496, 464.44734306765815, 966.8067778514868, 274.98972792734281, 611.87955912459506, 270.27990638483391, 433.94906814542878, 241.58080045566598, 61.277272240152172, 435.19407970945252, 849.17636468396938, 589.18346119568685, 435.80804411310578, 563.32153624021862, 292.95481780342845, 430.2696699818099, 838.68500339179855, 305.84850618741569, 499.27967372612915, 93.781909788005308, 797.13284967562709, 961.37064869085373, 103.47171911025215, 933.89169802704885, 262.7416739075577, 550.9044203139506, 179.67522808457738, 388.17844623625308, 982.61851952993618, 203.09849185531985, 416.02655679582227, 897.98655248255011, 938.2364551255173, 456.46455610304906, 186.30751858553242, 736.65786728497483, 550.11093580445265, 157.62000139896699, 399.31159477776151, 501.14048948725036, 237.7927256415239, 364.06957725044907, 939.2319762964313, 493.86181425620191, 671.65038021605301, 865.48854895138345, 528.37575089739676, 807.8050366894206, 45.260045542122157, 492.42346716132874, 667.91938626313174, 87.828880754681947, 95.868906352222595, 85.221747230888241, 267.8614153158872, 229.48429380027721, 945.15712233012107, 441.21068149925117, 994.02630402559112, 96.95024451943344, 213.72204493004708, 496.80456753751122, 84.112941154978742, 238.4132244508865, 621.43605331777451, 666.87287953530392, 936.99883755322253, 237.00898187150855, 312.80882721872507, 754.35401397671262, 554.18984049369089, 216.93536993594526, 607.42190953835279, 536.33337139623791, 223.31079504379872, 777.96847931823106, 228.85248668521956, 612.40990343309909, 313.62311581001939, 236.08847411780806, 578.70323050961417, 915.8438482341204, 775.89392116957004, 877.85081272647938, 307.91528280560163, 420.43307270502748, 295.89411031224375, 535.6208999491522, 562.88877687473246, 500.97733704728205, 704.77998287305718, 571.13533986906134, 916.68223616369016, 978.04010592574468, 617.930995871768, 357.96564575130742, 697.50157184119291, 467.92729872427117, 434.48762324862349, 543.51007647860513, 473.44616346923794, 100.45063949579965, 541.22413886593881, 253.35448680326968, 187.26703643950515, 813.79093631614091, 716.34233656968399, 214.19706853791979, 700.04758345490018, 858.08437859674223, 582.81385795754431, 633.66296842291001, 76.358829260552355, 406.2431005944681, 375.60783924942001, 825.42954421087984, 778.03709082737714, 109.79107297966446, 346.3710743141898, 249.94706429380312, 355.18492358217867, 226.89837910170993, 905.28565439458714, 758.23408396088769, 139.78072579441547, 362.84293615417033, 495.21826605965776, 189.23278138934484, 661.4707862963013, 163.65337568318984, 873.60070152993137, 95.74712086281022, 584.09959816989442, 869.20380925673476, 135.4891714610965, 672.03374944681491, 332.34652061833395, 387.67003824400473, 645.08849352479831, 590.80077914863512, 781.20905048876364, 197.92384654354768, 137.26577116696532, 458.61026210741682, 322.41369106679497, 862.66783674043415, 685.29130226351765, 409.85179208170581, 515.67594987879863, 861.26720090951858, 462.58603083834254, 514.3457501752265, 530.31582579184942, 602.41302463785098, 923.74627106134869, 726.24416228098949, 700.39437749477122, 350.18554231391278, 157.47336720187502, 439.75536419295253, 330.80080880707339, 391.75063190658614, 455.16162305386302, 771.66877455832514, 851.3125982190378, 238.52903577914697, 246.26839999138687, 149.79437582643763, 361.45197813191197, 310.66175410004752, 588.82216479261126, 850.92346558053339, 484.6506924870618, 933.36544458375465, 972.62070597494574, 420.16920592972849, 871.2084524610674, 240.89992929677908, 371.77979302354703, 230.94265888928331, 103.79267436905243, 495.72953994659042, 525.83326771605664, 980.03535406322658, 728.70908210004995, 468.60835107050991, 132.20060561710611, 545.30627508278133, 774.46109373936247, 403.58168374875345, 605.16472404392516, 852.04520870129681, 588.60379883337566, 362.05033797835898, 374.12509909945436, 794.96008671870527, 473.39502615147751, 583.28494464229595, 709.85729102338041, 752.54929040802426, 541.08830703386252, 915.7699550183961, 243.75527608813559, 994.50947023082165, 415.63575846930922, 153.62582859166628, 356.91857615656374, 316.13942462336672, 956.20068939082853, 801.02661579240896, 816.49924335968501, 318.63355284742153, 322.78366684538679, 543.26388730113297, 302.8365424614924, 910.35633427747791, 279.60043060724462, 519.46634935215116, 806.07946098282559, 343.7772114604366, 462.54116919967964, 579.30310087831231, 686.72372083239566, 252.36187328339241, 593.98979958692814, 629.6369136178572, 656.6225011955338, 562.30244808294299, 929.92979868890882, 618.99190267986921, 708.21566857171945, 777.39648804579292, 851.59727301378405, 921.81282935273202, 401.53588381864597, 896.58870010749627, 988.84115813198184, 186.32291008110283, 475.16845475034381, 931.44406282526597, 848.15023937634305, 585.40631465448325, 522.12906520866659, 780.31049323270895, 263.48820806036235, 570.36982486418231, 342.16840762018398, 526.02542858176525, 205.83972707250697, 185.27503919998321, 598.42420709921896, 349.84448352055136, 797.3883286063857, 446.90413638772111, 371.61966026527193, 500.79514538326561, 366.52979426793632, 819.86104884087467, 836.63178979501629, 334.08129775491551, 385.72391425662198, 573.49969025771941, 339.38186879964815, 416.93781900365803, 84.786564218838578, 710.63801468353074, 461.70068405633674, 449.71070101207152, 400.22822226392714, 216.06969397998617, 415.76927057559016, 636.99026557833918, 497.85237625093657, 380.0378529554992, 683.09762858797171, 272.80152009925376, 20.132616931886098, 353.0766763878587, 990.20042224507188, 558.42427261502223, 712.62165796153477, 410.33957617451011, 731.10318389599161, 513.4767181586941, 916.84239419547043, 432.64928927721201, 805.65147416931984, 415.58773207150153, 955.63481122542305, 535.60486256968215, 852.79674098248961, 477.05540981708072, 712.74658909315463, 880.07836322623018, 779.91533747123151, 819.25633315780613, 590.98265084565503, 526.63758345467522, 921.52183055033458, 421.85555349684716, 221.25008044121267, 748.18415503155893, 969.00088854883268, 115.89636069103432, 696.64087231942983, 787.323950607082, 953.98865835073093, 564.76199398626648, 273.0807213047014, 720.15836015637626, 786.12035385340403, 606.63452931608322, 591.15945362543357, 340.45982788592386, 822.33244565019936, 160.4103289914849, 318.64262657042474, 276.75994197193342, 192.37782989058144, 573.55759871133421, 769.33090776976405, 297.37176134495405, 336.17378519407498, 808.97814331941117, 175.82310834648572, 403.41127868514855, 490.49418124315895, 898.70385019905211, 411.44226154121276, 255.05756871163101, 829.16627137095384, 327.78087260397336, 858.62440544028289, 769.56917688388978, 481.9495311319904, 397.3849880283052, 413.35019379430503, 256.71208666175602, 435.82570491125608, 512.16155508482643, 159.46452218302002, 568.55610977535559, 765.31753144724121, 159.98389641267644, 886.48705182468962, 884.88476986388309, 140.66017736032032, 282.80212408072845, 234.35217902646701, 396.68865534448008, 757.04986834594899, 974.46261041253854, 667.09473183962029, 460.8150699220846, 358.40888128714357, 523.88944495001874, 938.0463120890422, 940.26822435973395, 637.1091697809278, 865.82919981429916, 214.30983955897742, 631.90315139034863, 604.09144947918799, 285.33509519735725, 567.62760437576242, 273.28415298875109, 588.14753190695978, 724.81710962037596, 413.82096186158918, 783.82169719317051, 850.35309288508404, 365.69659083460158, 387.38848829884535, 331.02122365393546, 243.40726700662478, 641.5201029988109, 545.68651353681662, 753.66513038523817, 423.46590850317614, 960.17185579923864, 935.49574333789417, 586.26416402071129, 752.60270714366652, 820.32657800936749, 878.96998031370504, 253.30975569306656, 528.13698028635031, 992.85252633435277, 407.90864800900567, 965.6568446781074, 708.76104550809032, 200.33877720854301, 231.18887505297491, 922.71550092470329, 917.27452760142842, 809.379738508625, 541.76148935572689, 781.09967573638983, 22.295396912594526, 559.54554543236247, 991.94266369998047, 32.526092437639065, 823.01709408297449, 883.70194099292974, 130.87166278455987, 554.05175693118781, 860.80089062429658, 945.95807221316488, 146.90658448054307, 785.30057336671166, 337.50424668224423, 291.35367002368656, 196.954023064279, 540.61616233072073, 377.09638912735721, 192.60193289783356, 588.39080913293969, 384.51194283326197, 458.58706394651108, 788.25328512350598, 775.4390858008029, 956.34830947174271, 823.40241406062705, 850.1186342875792, 782.97415222956283, 364.96108914351726, 488.66373259924484, 786.42524959801017, 864.00751806807841, 885.89782609696772, 766.30867427393946, 914.62413435631856, 327.50859527196405, 246.33080968182639, 822.64927875516992, 304.72278544523351, 148.69437168211661, 679.45720852931504, 713.65496464705984, 604.18289454634487, 860.54005206166289, 936.00448027483787, 587.43762181751356, 487.83147073888841, 832.9784823522341, 218.7021754909199, 852.02489806525807, 888.61395040358298, 250.57522288173934, 283.33449568504545, 596.83423048260306, 642.53599648652983, 887.72975919592659, 438.23418076169548, 229.57016390447464, 599.5906302203241, 421.2336342868162, 58.595669648556559, 830.74675024741725, 330.13123183101112, 588.70455122813928, 981.0231992711773, 504.52031313660098, 90.075943535357055, 971.42783500546216, 702.62265025228896, 163.04205916888816, 727.26869826527934, 467.85164951220753, 240.58633214078176, 966.08236738428741, 750.97259137703111, 531.63939538862974, 454.23526695758909, 978.22508686691526, 876.55326167398937, 977.0461117332635, 313.57019261157296, 491.00577996571246, 826.32402037277961, 299.42879877027661, 522.05034339144856, 439.68653618638353, 109.36160740221409, 520.32893950081109, 128.98695456312046, 371.37452359234862, 649.87924703085241, 631.72622615628609, 699.66809836675611, 697.01933582951926, 266.68093700700882, 268.29444197361909, 902.62418693025575, 288.81999624965965, 308.93905886611157, 913.21914383923536, 984.28125045357558, 417.76265074909668, 942.86726563837351, 302.1485109396325, 179.74537471612379, 983.68512218703142, 755.04829277558952, 883.84032923583811, 109.30260085448313, 935.66550422275088, 766.58986426425213, 872.36179037450052, 880.17511318262439, 377.49652551772698, 763.74469910188782, 860.71932381014233, 543.41021764631512, 273.42742059193853, 378.71905015482213, 592.65568581153605, 427.70104731616703, 480.86120554269922, 438.09500007926346, 985.99486052841348, 620.35410932906575, 527.88920220279692, 477.75263548707676, 280.9732956415545, 258.5771482430132, 492.0326052863424, 990.9207349803728, 347.19158759003471, 650.70298153987994, 915.81027385968116, 395.45958367933912, 747.68988235041513, 535.60513332993571, 568.91426783625047, 76.462294569091014, 118.61661098246564, 25.415332375612525, 285.55205006455975, 507.73354445878294, 267.39365655566456, 660.99572656857413, 888.98146954861011, 222.16020287726525, 295.86693990403592, 664.54254593855387, 320.76094928901585, 423.44669616245176, 518.53761512675214, 832.03684614010399, 348.2252353259646, 900.97668104241939, 596.39264800391436, 627.76629534161111, 990.51855058080343, 459.07484586810887, 979.47501471255475, 630.75405864222091, 291.18850662732473, 178.35326388653596, 861.85724599401215, 700.32212390840414, 361.84176007637257, 711.00147764812061, 999.14802767519302, 432.93615895547578, 162.66983856937057, 489.06543423852736, 750.78063343233259, 696.37079463697501, 523.49059120329593, 955.345212439443, 378.05552920216377, 787.19386465983916, 654.35618234809306, 382.23271259544453, 938.5615083193627, 751.50433264477419, 702.81273724453047, 675.30666278434273, 707.72310677421308, 192.8803752762916, 617.49999045439313, 767.65836178851418, 192.96948843905187, 938.32972887403798, 331.17242208994139, 399.84999738035765, 110.92064601457082, 533.15385988929756, 966.92980021480798, 869.47144300495233, 986.18909432494172, 804.24315750430424, 820.32809413266762, 569.03833937845877, 601.1699281899422, 470.96974774542156, 270.45014203944766, 941.45703311562124, 804.26319179988059, 381.78910103599623, 846.26096890758254, 242.08888759415069, 391.37509714735251, 764.88634944383386, 353.7386553984515, 383.59936899784401, 727.79365190750423, 562.42607643397503, 549.12188923718361, 854.78607345468129, 85.302119505696183, 426.365132624853, 511.54228564212445, 360.15963040449196, 512.04375636958537, 142.51711882060559, 286.4104466726385, 278.81536912813465, 422.04938921791739, 886.43624417523574, 345.16435952202517, 327.70470109399656, 687.64236182046159, 765.51513517322849, 616.58004320930513, 978.42890441287261, 901.38613513309247, 411.83535289519563, 749.23138979690304, 437.16564057043388, 568.70418923945522, 364.78285762533443, 531.70356561270683, 612.20931572562438, 597.23103064701343, 97.389955391545655, 332.53624588688496, 991.05670820864611, 745.38670939298629, 712.21848025103338, 483.38443254327518, 713.7591666025055, 916.37589715145066, 175.11504264425227, 645.17457708435495, 952.39872627622628, 150.24299849585231, 970.16207697988432, 942.77018156150439, 714.51388514959206, 549.52571766961387, 821.37706860629635, 18.367045965283111, 723.0372244657932, 858.13062521924451, 951.266445780293, 702.80293601995527, 385.76713643505707, 974.65412307443216, 159.98636377785758, 323.12641554780635, 876.69791993173033, 894.84465246762068, 290.16520926252582, 616.39400805423077, 338.25522659092178, 578.12152336928204, 908.80447971523631, 417.18598368203578, 958.96047574852378, 820.29787052871825, 258.65766609319246, 292.72910673606196, 666.56475379418066, 435.43433809837364, 602.87467851088195, 345.91839219898105, 44.534770108828731, 848.95582768276358, 485.61721952500341, 769.90957146055712, 459.92376091043502, 437.9655150662, 221.885522139611, 851.48211949272752, 279.86855784511482, 508.83233009105669, 546.05022459079657, 51.128085455998949, 649.91739815847791, 782.87335403462214, 386.05681468381181, 317.93371177214567, 959.97463634070664, 439.74644279629189, 277.52169240639677, 515.83763871464623, 120.31818764412398, 291.38650004269766, 741.23951815086889, 948.02773628960506, 372.45473969232677, 833.74077467864936, 593.76686799923641, 364.07952737158416, 680.19117437686714, 950.78700090574398, 836.79745969867849, 547.7700246886036, 630.0304955823143, 313.51662263436623, 922.38556851887358, 730.43199441068975, 853.02023289348142, 272.68103905913421, 317.74324560382763, 830.92506557054071, 114.78700836113606, 653.73814761096025, 141.18501319337128, 873.12196179860098, 876.20967751329306, 55.103241367322447, 772.02743275718115, 17.511615040198659, 394.63804150285193, 473.91419035734975, 476.89512317821698, 708.60023932379568, 970.86474878622698, 777.11757067353665, 378.52860277546802, 256.1156033016652, 555.63033349454383, 267.08674292181007, 392.64783502859922, 551.89864001842534, 608.84168687022066, 233.32281127063217, 910.61526104753386, 674.14020360916845, 828.87432604275114, 476.26487386096852, 304.77691943088536, 518.58205748294415, 877.79578273899574, 613.63562013967544, 396.0007047177258, 930.07291251697495, 930.89367666154953, 427.49333919451698, 772.26358567956049, 663.71723128128485, 784.7920084678459, 873.04859188081582, 628.50364369288252, 716.15542903398614, 884.06377227484234, 144.18959679807639, 827.47526532094855, 177.03464085308892, 567.49657548718187, 145.30612438406834, 512.41228305643676, 363.87944430439001, 797.20863359096018, 622.55598115811563, 460.9550396588603, 965.77933293968067, 739.67442789201868, 250.23976943844818, 403.69105556270483, 576.05308886810337, 104.24808457967387, 719.36469418554748, 535.84646165858908, 341.03237838852306, 427.01865340738948, 117.70810934374565, 167.47788075379151, 495.71695071348836, 47.005872937222506, 793.55355406275874, 536.9765834526263, 906.27069445799043, 877.78889289981134, 143.07022066444193, 571.00778849657002, 802.95986439135686, 992.61731439648815, 663.01753065565299, 506.83016774430212, 440.41276895955463, 272.08518058325762, 702.67194975252653, 466.22509703986481, 54.528870276235772, 680.68100250119357, 695.92631454692639, 780.28733948303352, 507.12243123099495, 425.85129681492327, 185.9387192152642, 422.4272815439499, 633.09596474066154, 745.69362375508911, 687.87905651131621, 900.06636589350444, 709.8894122282519, 790.35998875033567, 646.33510154113003, 266.64325962744704, 424.31552134402779, 984.69302749483597, 723.29786969724057, 197.49612396681195, 572.35177164432321, 776.77188023373412, 739.3330022531818, 329.98378821204835, 822.47534704589543, 217.36266837218994, 129.68414409351038, 213.52449140853054, 381.32033373402396, 440.8659450237023, 885.40540634209447, 631.01208542718314, 489.14201574178236, 938.43673291220034, 239.12899765161322, 146.8126926293275, 704.08298052627435, 57.270044718813423, 295.45841201491544, 525.7118281270707, 878.40106558413856, 613.37962488989285, 318.39003843492299, 744.66729400197232, 539.97201235145667, 260.66174318272573, 362.94974888495346, 277.36534405971349, 170.32774579098515, 604.0315588382058, 457.33647470319744, 502.87225196442654, 451.39839522049073, 794.71860925021065, 363.68155131650985, 297.59877375535416, 813.50807278941579, 886.55169934003379, 493.4967174709102, 640.61464585185797, 770.03010397251285, 495.8165239893961, 987.91369699084146, 613.35560367253152, 535.27038490671043, 573.91128715693628, 804.36212189300568, 506.25561627129707, 578.17766469829905, 613.96350228314975, 320.89599615369764, 517.77527467831055, 238.44524729633557, 866.90632935907229, 545.81905979773694, 157.10029921019373, 421.16638166020908, 632.046572654996, 637.28348870866432, 755.37136606072443, 933.64811037204515, 935.9105083985437, 929.15625494534015, 796.04365682230593, 402.35945191862203, 145.12301223910688, 542.29624456037175, 493.94120381754755, 634.01190224785194, 213.35355925504462, 541.06135539528884, 500.57229928681676, 438.45187494297221, 463.16574713286622, 279.88694393570785, 940.1043037485008, 942.88332043564083, 327.37516017836919, 658.25259111562366, 873.03626745443501, 413.68495205043735, 677.66357906388987, 388.33766013680457, 515.87770621852758, 995.05561259669139, 360.71461070730038, 936.83273691180113, 554.02070604854589, 568.91187583954354, 900.84093501564951, 675.82095283604542, 352.73183944617915, 224.7140233470497, 378.41055791973071, 930.44126665641397, 162.05210134632773, 157.57513509831378, 354.10703914134041, 688.21017596283366, 59.879899361539458, 485.68550602477359, 376.93401261178252, 79.662555088144771, 787.58147385308234, 964.2544335987086, 343.81512360929099, 528.57932881203203, 920.40916843141031, 658.71967920785505, 418.66547032780238, 895.60206123208377, 895.40633840240616, 248.53712605938696, 215.60949111445879, 397.40974250228624, 852.11451276237995, 626.06218917343028, 730.64740520696967, 145.94360448236876, 326.35969119885021, 688.93512284261169, 515.74925883860976, 364.3409035679677, 989.86311410666303, 832.97315386538685, 333.73234623672249, 686.35130380457156, 347.52555697076235, 864.49085996523763, 287.18509501207774, 70.946655403871233, 699.65327192532447, 359.26889358571515, 787.76735519415263, 271.7765239472169, 652.14215423025621, 502.9950406119965, 319.74702814495726, 491.440446436429, 404.72071955304159, 603.55403068884686, 939.47685665511551, 425.14272979954524, 744.43852279303917, 805.14313522287227, 580.97249692736841, 331.03774197927675, 257.04891023553506, 175.6907279346085, 218.06981531831693, 323.1411016590057, 128.18996368539914, 564.04506173622246, 853.00673369751735, 90.588061688549814, 830.55339112588524, 665.9110088205623, 723.30107698989161, 390.14164358820761, 386.97219036829586, 353.17402463348975, 527.50173717312407, 463.91622992678271, 347.98459916722095, 422.49631165453661, 350.06969857353937, 551.41161266621327, 391.65732006385247, 954.0345178667859, 424.6221779662215, 697.15738573101464, 394.44448170435174, 628.22109179326935, 211.80325017398252, 176.55559345219532, 127.22833816204457, 730.98564542844167, 262.11341820244866, 776.81375284035209, 376.79820905299522, 573.40514111909374, 354.15123769902635, 983.46164182271866, 646.5291995608377, 215.36900265349448, 682.17771287166966, 417.82491425100062, 394.84021649650538, 702.86683625272042, 570.42171956323216, 544.34777069290089, 255.24382494178039, 414.91729793246475, 911.73037639395977, 173.78515983889662, 987.12907580487126, 276.1224140130675, 466.05661544062343, 166.88559652271954, 627.94158643112326, 817.36493432864847, 268.63462668619559, 114.55473806560046, 673.91286556654597, 320.9536511132568, 701.9872608815233, 69.249547697346117, 322.94304446856046, 860.33164516617728, 944.06457986232101, 697.72019028530656, 559.28241294980455, 714.96043107436935, 658.06071078714069, 662.42981807238255, 203.09151911940259, 215.22823681090043, 555.36849056070582]
Median: 530.9776105902396
IQR Low: 198.92461460400375, IQR High: 237.97914370833143

Raw data JS Eccentricity: [0.95824110961627107, 0.46172022339402585, 0.65685423978974133, 0.78633287814178987, 0.11360999456092287, 0.89084959680178855, 0.9417608865909225, 0.9759699129790016, 0.52090290794822647, 0.49162735678335484, 0.36845051715169286, 0.75629143704678714, 0.83805827778257147, 0.44770183724395402, 0.99334247385889896, 0.91064735508532058, 0.9636644229863438, 0.71463934648848271, 0.24948691527581718, 0.38345070247321911, 0.36310014212818637, 0.98639916616605683, 0.68857058362990486, 0.59724764003775721, 0.71029692178660064, 0.82370695856713594, 0.31656641778165873, 0.52642771118470155, 0.99911000227769065, 0.91413633281287809, 0.69640236184658633, 0.98394458661429685, 0.9844237015082723, 0.86926247740958329, 0.35577806254310895, 0.94117666263679656, 0.95274001791606222, 0.82829109952298974, 0.54509119580464982, 0.53317294391633518, 0.69710935982233424, 0.54445103452075794, 0.99649998042585486, 0.50368198480630211, 0.84443092694312816, 0.10629872743710526, 0.40807741505628131, 0.92706051280046375, 0.7895591901371769, 0.97476091799443576, 0.9957823609802402, 0.36258618324561626, 0.6098228774613329, 0.57826312645936284, 0.38456019339719916, 0.64183291329287506, 0.75300707958475332, 0.90462671304590914, 0.99882894455955962, 0.98796732832971579, 0.7605068237064655, 0.37061994197768905, 0.99416529645263341, 0.58525539865087139, 0.69271985657573798, 0.55676563546395963, 0.60134881127127404, 0.54279243005341438, 0.12102907585269061, 0.38618457227724812, 0.85710005793248578, 0.99719665784364298, 0.40139901788069332, 0.98597204930677862, 0.75855159585497012, 0.90187411743742707, 0.90138356063193448, 0.90201976578533682, 0.99818054434543768, 0.74118303875653391, 0.99905841256280181, 0.23537460882880124, 0.71480008976380582, 0.6929811744262897, 0.99625371890154879, 0.80401409062324491, 0.84794471212671574, 0.98165445151342645, 0.3401563482370879, 0.914184555427481, 0.8047899925732559, 0.75529767079750054, 0.77880222987909709, 0.22989335372453276, 0.98772221196470888, 0.77618303265595212, 0.30290702218255472, 0.75715334092876496, 0.95215331216600985, 0.84680464918689513, 0.041903488647653156, 0.79571707340112496, 0.69297930789216367, 0.9596450153431918, 0.73743321795057926, 0.51475706355254014, 0.25456275437591569, 0.53140729975555356, 0.74283984144433024, 0.81147648080814128, 0.72373433675714005, 0.30546969321180317, 0.41275625706274249, 0.69523231719642653, 0.45566896079327496, 0.46461225408686779, 0.66953835082942925, 0.75627698114843578, 0.74063400498861698, 0.96676696180873989, 0.93449852639647424, 0.82994047639152624, 0.71710482966619882, 0.63591715693201689, 0.7559924176544327, 0.94318961709918137, 0.85971368595156572, 0.73190102966993598, 0.52891627604396141, 0.90901507530667169, 0.9132662419641786, 0.96574536340249106, 0.87103113260053555, 0.35995909339829096, 0.66856694288142049, 0.76207725289388162, 0.87581336386938047, 0.5779689074997495, 0.95777493911955547, 0.099964904738573335, 0.71802978855632205, 0.8945833206715047, 0.86919587862604786, 0.94677441582718735, 0.92861664553723866, 0.52801832577669217, 0.94054271265714851, 0.75976643677998568, 0.93343937632886598, 0.94376970917308989, 0.92666832231330276, 0.93729357980965167, 0.82428996804800081, 0.91514664817689051, 0.16089918329581798, 0.61562215906594131, 0.98712753160510625, 0.96097196446086441, 0.95466376032138878, 0.98974998409890502, 0.99118665434043363, 0.61355656756138022, 0.79620680883570294, 0.55817229519365585, 0.73462414530254949, 0.82826250858144523, 0.80257321517023483, 0.79310370498798466, 0.78858785385273178, 0.75528521595007725, 0.85056598017774498, 0.97145627493772835, 0.83009366889445313, 0.8096851877420792, 0.76428862150889842, 0.85435364858733942, 0.27519513631610393, 0.96259672115758788, 0.84525891739582815, 0.73773774580598073, 0.37256980847019816, 0.80939625742343213, 0.38917892234861012, 0.9302303558288797, 0.22677911909743154, 0.43526345353658474, 0.94012587211073406, 0.63670186533520079, 0.87068374492689815, 0.45337991876072004, 0.93211987916266192, 0.57456034284813673, 0.82145182915092496, 0.14669436044562739, 0.60390002469177062, 0.8958968715351131, 0.48490058491328514, 0.9841828755137062, 0.9731126094967858, 0.73090948361067887, 0.88766186555729298, 0.81920220814662437, 0.85373305697747615, 0.85136566005770775, 0.58620702256556756, 0.79728058089356768, 0.62247408383535252, 0.90175656046529951, 0.91717146417808459, 0.99982571099149953, 0.89489665688835229, 0.90097967718802541, 0.92586477563697844, 0.28681280492014494, 0.7307355831361787, 0.93869141356864305, 0.38123434778814708, 0.43187120544013069, 0.55441184690930057, 0.95272138375904536, 0.92127717595631731, 0.75389908000685946, 0.9418341333749477, 0.74931266191615231, 0.37831483601168886, 0.79295972710650453, 0.49066403296910582, 0.87233863058318672, 0.94603131189592371, 0.29824047781855595, 0.66083759897095762, 0.6965543848441127, 0.31411281694306581, 0.67665929913014322, 0.57331350478095722, 0.950894369953864, 0.96695686330200603, 0.76413380112163809, 0.65034556901779217, 0.6184524030015186, 0.79639260412885515, 0.63484143823533512, 0.89623812108813306, 0.6487513569282467, 0.77902686389810627, 0.74941461658656294, 0.58552156894803264, 0.37118947998522123, 0.85060381847993427, 0.76388951710335939, 0.90398091217273824, 0.71447490249181356, 0.4866013644475683, 0.59556183927220407, 0.81401370006723561, 0.44957056077167906, 0.40296216925816924, 0.57466232276093243, 0.95668483201062071, 0.92546091987332257, 0.68207920098033692, 0.91922005969229414, 0.18379559538059684, 0.40853151234886148, 0.83026946975511629, 0.61736194891178175, 0.88233021725920113, 0.73238927846272717, 0.92221212784510276, 0.91312320459784579, 0.68158042513277051, 0.96229951820926529, 0.44572217457618107, 0.37196364169848695, 0.53810999558279249, 0.9761760763145686, 0.20063006444910342, 0.76213829612921868, 0.94024715087065469, 0.42853432650681317, 0.31112679048826825, 0.9700661982082136, 0.28445821536674598, 0.41778516098296464, 0.94902077879936486, 0.93869333627359031, 0.63637710579652396, 0.92427815309303996, 0.98373905937946815, 0.669060269461628, 0.64787851878056335, 0.62451557653353684, 0.48500227935514012, 0.14845254549473794, 0.71696518444763158, 0.94843278328067404, 0.68057042293737635, 0.49842577285122819, 0.90713230859209393, 0.9944231315637283, 0.95181710456459201, 0.83262566993700737, 0.41704442215939658, 0.94983533531870512, 0.88643353284450377, 0.9420784032368168, 0.57014817217826275, 0.92578781594450232, 0.61696271910029332, 0.83688512704114437, 0.80319473683384546, 0.83828642387990082, 0.4883044054659359, 0.43447802937750069, 0.40061988306373664, 0.70802279949324132, 0.88598316983635483, 0.13935350125612309, 0.96774211290384093, 0.67124473725565692, 0.87102851438368378, 0.74188934075797452, 0.63340364136233707, 0.93095666177370018, 0.37673707567870496, 0.9791473106148374, 0.74243075906004985, 0.90643233115864419, 0.72120565328881103, 0.82449042904494163, 0.84269609665499956, 0.56930176202392291, 0.38724566373467034, 0.75040644476784979, 0.96129835570974043, 0.76630359080576005, 0.62484352558397271, 0.89691393597689073, 0.77484919542439457, 0.74168156665581886, 0.76960659816520116, 0.24448857659774731, 0.90328509128585599, 0.75594698193227705, 0.95317092130561276, 0.75484318783082538, 0.48537819657428805, 0.80989961251561626, 0.99925093858869074, 0.98306664110674313, 0.86016684290098333, 0.28866466788591411, 0.73715044988099332, 0.99229103745902625, 0.9329310632185982, 0.99359461287596007, 0.73744605900604965, 0.34003135250879868, 0.87372533310917821, 0.093763537668395125, 0.83872223051787864, 0.2665585825785961, 0.26593403566297713, 0.75634434235396986, 0.96153246376789769, 0.95841429904896158, 0.40490096837911205, 0.37962098132368505, 0.71415244877251249, 0.90301453945142918, 0.604444186630955, 0.66902319680214029, 0.97579992720837672, 0.57144772254273846, 0.58968650331861872, 0.96099348058200529, 0.924878014034618, 0.47561866324127972, 0.87162820725907397, 0.75059471756946039, 0.59394810654528352, 0.86277256269138558, 0.9362811292597909, 0.6254125914026365, 0.44249004306643852, 0.73297627811635013, 0.9120359753866415, 0.80905512950426328, 0.89898716087460506, 0.38338158285727564, 0.6614932048719927, 0.73561276940400022, 0.85117360282229282, 0.099767917443492393, 0.72471986699677715, 0.94545085832370257, 0.75776828066634083, 0.97267723821229446, 0.46388126435512023, 0.90508702626754267, 0.82846304073628696, 0.97658612935133449, 0.74571475743555637, 0.63410232059104843, 0.82230731831097448, 0.91538734887802342, 0.93402439649454116, 0.85177191777424111, 0.24753133456672155, 0.6220078879490194, 0.66438801221121846, 0.28931786150094363, 0.16174889475614448, 0.56839746883467568, 0.42808368258305229, 0.28823116593760056, 0.74562098191789883, 0.95167448923748266, 0.87340758126461993, 0.16852087958778436, 0.6012914625863135, 0.8574631308283972, 0.28627722598226518, 0.61878840988957828, 0.75805989736055823, 0.44988384846510165, 0.86085997966844696, 0.28637539579980997, 0.60945718227551915, 0.61679927227987974, 0.66481827733287335, 0.94780373673741503, 0.76185793757474851, 0.28397078229530232, 0.33285030671988597, 0.29067115429116303, 0.94234291640871692, 0.9489099289094427, 0.70935783509159422, 0.86784517725505306, 0.49362078446271568, 0.31643895038872277, 0.3702024284558294, 0.81986739450429313, 0.32920366679515711, 0.69140470632088269, 0.7316437627021537, 0.2556071903255655, 0.51663817833479853, 0.80895826516109137, 0.72918312096088733, 0.83486598727205719, 0.84217940005866698, 0.91934434272661758, 0.64411824906127157, 0.72615690217967221, 0.9432877277447792, 0.73986819756409794, 0.72939602246598045, 0.41588191256751367, 0.91736917171688259, 0.91941187073809416, 0.33403825543564974, 0.88797153766633796, 0.30885443043002836, 0.79567173641860289, 0.69072021198068367, 0.97545532131699464, 0.52956709419121273, 0.56934631962658988, 0.48521157485994226, 0.61669877992288302, 0.95265157813066981, 0.73155676125197322, 0.99022866645520258, 0.79005172241063737, 0.81955988736398533, 0.9905719331211652, 0.46359154906081623, 0.66414533534523135, 0.97782273155491672, 0.44015955846423055, 0.55478832267193323, 0.99546217228900635, 0.931101870442409, 0.93196336980216432, 0.84687953144129524, 0.64138436262334597, 0.88783691413816623, 0.57630638032283366, 0.93365392191168206, 0.67460943761351599, 0.88688667913399022, 0.96304048046036594, 0.91532341112657012, 0.58108018736693634, 0.61761960547215222, 0.27650300328010641, 0.65704739273069479, 0.9821977770189475, 0.83002431385549846, 0.62374735818409333, 0.83839290314136594, 0.87739938021273001, 0.59733583332727924, 0.48200351209764564, 0.8008745457430555, 0.47606612870830023, 0.99259555208309225, 0.46198425284950273, 0.93419300881623224, 0.87164894215597, 0.9659370163745421, 0.98077393632389132, 0.80552277173053222, 0.87591662673926218, 0.8710772305641109, 0.77675380019939066, 0.91563444453250553, 0.94699022595554605, 0.98628829176170996, 0.73632337580929408, 0.43077348370763086, 0.40036923681985126, 0.94710187361932097, 0.7643281823081729, 0.76127559339175799, 0.32328975700176343, 0.98826394253111427, 0.95439563621163614, 0.31743418597171236, 0.26265832144054968, 0.69919177731083049, 0.69914185147073937, 0.90642539602342675, 0.19238265305266783, 0.86544174545414232, 0.90395396639506831, 0.99350336373372095, 0.8832736003973235, 0.22732266922811439, 0.65107985376690991, 0.90365220129007484, 0.94354060187531819, 0.57187864978250835, 0.99537901817760632, 0.65790431347390221, 0.98193587259999049, 0.98729084269825207, 0.37635772903771741, 0.88360965155685389, 0.99750187165983217, 0.65426660362421363, 0.64837270309920381, 0.48831251305975154, 0.75310787938480972, 0.94163807819315681, 0.94132740947134785, 0.73581306888925424, 0.55636049241080932, 0.5700634550320246, 0.89583041155888332, 0.92848722433730135, 0.87170596489948338, 0.6032865630903167, 0.67128161481100213, 0.39060822038839388, 0.65400042678589065, 0.84899077981599136, 0.84936057830395206, 0.88785208098853008, 0.52659418173681494, 0.94245628688807292, 0.81731332108484256, 0.61131428746353289, 0.16376685358300125, 0.45917328294457771, 0.29854993860194545, 0.49561725767809206, 0.71285399419012074, 0.9223470619833376, 0.87363032810420604, 0.18535053373560764, 0.82639090263952475, 0.41216839438472036, 0.99680494847701173, 0.90818378315943205, 0.79899252302289614, 0.64529918249241958, 0.9404459086133955, 0.89444916682687248, 0.35727173203366192, 0.96130564709076605, 0.61842544219288276, 0.36258301205153559, 0.92457117057635063, 0.11820780434853952, 0.99909287631656174, 0.96019222467809251, 0.99800832596240496, 0.81936693724158383, 0.92884650137059277, 0.93995291230124645, 0.70572734940215043, 0.66481972165907088, 0.45669892254869432, 0.74335294364019244, 0.25411261900196441, 0.67746906695715514, 0.97213648312356515, 0.34079740225107463, 0.58561029859165303, 0.34103198957919506, 0.38270985289638865, 0.78391981972077251, 0.74256003436080464, 0.38316082900803244, 0.94185913713416625, 0.8643058957917833, 0.94770940658198777, 0.90467787003243061, 0.49142168708540962, 0.47496503459107947, 0.92565335172862973, 0.55510813036472184, 0.97890649699699772, 0.97710930458528189, 0.84194049416906747, 0.61267486098027502, 0.84386507269343747, 0.88523588993607338, 0.7986113543608776, 0.86927297036453932, 0.70787140524487402, 0.72247626639547236, 0.94845234913436138, 0.80205539044134055, 0.37175913489763934, 0.48044370145130572, 0.68159319260471862, 0.79545029292957681, 0.66976974507200593, 0.85737028791247283, 0.98574223983592135, 0.9416794616199311, 0.99932705400052202, 0.92235794676203364, 0.75038645979440677, 0.56412686544584589, 0.76371060499911403, 0.71824643776610708, 0.75361378741609208, 0.86368879239103113, 0.99101766014412607, 0.61490595824836514, 0.99064651292156869, 0.4061776646203063, 0.95910715613934538, 0.74504077803775171, 0.21965598774398518, 0.32238807523773222, 0.61145512037715977, 0.95159749360428902, 0.57523366384488683, 0.69314613184238427, 0.96474750616172733, 0.65034896661969221, 0.89277005321145397, 0.58919297519003722, 0.99811428226130694, 0.64112974644770737, 0.67471796758881186, 0.62888461178415866, 0.46219403163043143, 0.91121688804521295, 0.35280106803773253, 0.54196582499812218, 0.71639961673115482, 0.98395453726878024, 0.89744897615342789, 0.40211959589091606, 0.78615088903276165, 0.81006280609483006, 0.4095363222796688, 0.9828933873469925, 0.84437332830402168, 0.88066390597535682, 0.55689284174482379, 0.7185414954979904, 0.95085583099192927, 0.68596969777612826, 0.72153759657929384, 0.96020992616786971, 0.95413382652463063, 0.52630146130198074, 0.6463770475170284, 0.76887349634774349, 0.71957943420829429, 0.37007931969511104, 0.66372699952544045, 0.77943939501823722, 0.98900153570174887, 0.92412660510982014, 0.99982006844014626, 0.78884401828053419, 0.23073278166106212, 0.78212655251191199, 0.95856198799054981, 0.79423761678303972, 0.48841982814930829, 0.90701602586604235, 0.75380817320706273, 0.57215826545000359, 0.48583921451708861, 0.57678839454887276, 0.98274181552142881, 0.89534337522599383, 0.15299942614126638, 0.26741528398139985, 0.91621799088814138, 0.3629536684978501, 0.65002610531773952, 0.70764574259136181, 0.98611703348850621, 0.3524717816990221, 0.87015949070777965, 0.80068839811473147, 0.0995186582709576, 0.99664571270626201, 0.37724992562624077, 0.7592039725000469, 0.75790435681192747, 0.80446541415060768, 0.98139699944295411, 0.519107752249926, 0.84972570492022947, 0.98633438119104599, 0.45469453750496691, 0.79780206024632161, 0.7153931521974618, 0.96984986451131838, 0.20357008012668723, 0.3747207091108517, 0.75096896832671123, 0.47239321480376756, 0.17598329139551516, 0.56219342467175126, 0.81232526608179323, 0.99978811653899546, 0.36947073588699758, 0.59033389973853645, 0.254646911549955, 0.32461467559924517, 0.90342433803370847, 0.91906106025666268, 0.84175525570177623, 0.88044370104750169, 0.50577708491480455, 0.96122202767761222, 0.6720145591646518, 0.62028333341495623, 0.85906898945826637, 0.83477521105795127, 0.93375001648115874, 0.78405222417346898, 0.98235299040292012, 0.40992222746562484, 0.76273938796252816, 0.66923467562016181, 0.92433325086933182, 0.31109381176423351, 0.90051168936614701, 0.90480078302039435, 0.36409163982347698, 0.62392478153575159, 0.62032723871933526, 0.81170976480139578, 0.77947643112376153, 0.37659575779518345, 0.97541758705198989, 0.57863490319996824, 0.29180117000273731, 0.77199474531612544, 0.92218501142301179, 0.6759411399966474, 0.8481733223088147, 0.85506435475776732, 0.83434272412811905, 0.92381889914573356, 0.95067535479574672, 0.28695292870928962, 0.6899274507530968, 0.25252182752298619, 0.96802595095689303, 0.81490145772341416, 0.41988927171241486, 0.90031886693228758, 0.75229081191632863, 0.73641944914731616, 0.85487716800437841, 0.96478393057133871, 0.85657325836082721, 0.95551305847072254, 0.96598034908558839, 0.7526140131615735, 0.97071009378418727, 0.9393505087323798, 0.97456121332225054, 0.78422895550800675, 0.2579089356515053, 0.8568676099625423, 0.62392403492034343, 0.82416587424085785, 0.8424227907735764, 0.77429927922775876, 0.9171749784815727, 0.13902951726611967, 0.93864334234875957, 0.68487275804588787, 0.94689916527741536, 0.32501911562414088, 0.54542181448818516, 0.42397993298012454, 0.89771507677831197, 0.34681873514259143, 0.92988903652236954, 0.47353392757262458, 0.96291967011964541, 0.66572194391944928, 0.88530969264407422, 0.26494238411985149, 0.57316411953843827, 0.83608814142393306, 0.9792549944451906, 0.89733292791163499, 0.57736830938596939, 0.7181591557539998, 0.88896423524544088, 0.89780764852350603, 0.36155963215656961, 0.86978599441864912, 0.91745390128965842, 0.60052665272194694, 0.93418055845514758, 0.967100646003759, 0.61746980118688521, 0.70533676070911755, 0.57660005267346004, 0.33565276968242552, 0.82558764963176934, 0.96998015087692568, 0.92012930318416797, 0.564623113072381, 0.19270631723798715, 0.78481826123265674, 0.5400862713669109, 0.68143096424108862, 0.84740436771600647, 0.49311571187312714, 0.92262044498270079, 0.9478799139841646, 0.72952118605790883, 0.84861537308436996, 0.40493078503292756, 0.67077154286061902, 0.94375585447248378, 0.98426912443360692, 0.89289390702424687, 0.76276678449103263, 0.59670455708913939, 0.20976587077536896, 0.8766385233630003, 0.80123235645509461, 0.79228251940746075, 0.54489827449045114, 0.48333728679374671, 0.48215672160881629, 0.32530697938580111, 0.98568969194997114, 0.75516798083549364, 0.99345644810476019, 0.97719106816079715, 0.58578513171088886, 0.76844580038921262, 0.90559144717675466, 0.50454262098322278, 0.67680734996991976, 0.99021771660089519, 0.75606900129812094, 0.60904062572574125, 0.92694846911705764, 0.14812691995394922, 0.54604236187915578, 0.59204526489621201, 0.76384366559108829, 0.90171294565871973, 0.95605778413199949, 0.18108087939298798, 0.96851038674244272, 0.38538196717072909, 0.66020606790151926, 0.88208689285563446, 0.70852816429589349, 0.83869213919755059, 0.88947189155518436, 0.64149049321411877, 0.89656410625359328, 0.16278858348677763, 0.74556411487807905, 0.95708327606640797, 0.89613640763822811, 0.98084575341992764, 0.64573953199546763, 0.83818726143261679, 0.88440529874151841, 0.82102791586069712, 0.71271736482878845, 0.56478308208964545, 0.86110404082849812, 0.51836673808976452, 0.65003623230186625, 0.87786799542316596, 0.84938024419195157, 0.5840933373470143, 0.55953300138706252, 0.4428267477129218, 0.53980232980273268, 0.38016741931587944, 0.95440029529762771, 0.68883177976328802, 0.95407746701067164, 0.8636710589469403, 0.91550098528387402, 0.62749015309075884, 0.71823825026737609, 0.97804723999768628, 0.93692698723702805, 0.74094836130486397, 0.14326125104357515, 0.54976461863757209, 0.83745541974697013, 0.34122085949743625, 0.8135849484324682, 0.89078619511236579, 0.58761030948103743, 0.7319507541931719, 0.99984676236043013, 0.72876907784943612, 0.77018241481398653, 0.88808305602383741, 0.92912121690628047, 0.91102925565260262, 0.13311048788275814, 0.87117689177429647, 0.72574616950275772, 0.80473589212424945, 0.84549732719489823, 0.84286882352099757, 0.60096099811822767, 0.91301386540212071, 0.71504206222974842, 0.93472711543285369, 0.90546908784806113, 0.50746328408119956, 0.94209767140737821, 0.79643659793921795, 0.48828369141723754, 0.7677415513541469, 0.47292877286433244, 0.94193467395443375, 0.50146284158982468, 0.54584065555038574, 0.9614777103764085, 0.95439511354607798, 0.96912118059768082, 0.28317205413984475, 0.92611811744637651, 0.77481797398674312, 0.31919677819301623, 0.42975510603595013, 0.60735154788563017, 0.11413491900235348, 0.81738631372321802, 0.33165495074993651, 0.32478239360099909, 0.91908470316335233, 0.2795429921869016, 0.38756349614974628, 0.59408519082556133, 0.86884037471943121, 0.77606579978994406, 0.79548565533597171, 0.89962830543027239, 0.64470378834223929, 0.85082291887634465, 0.97663239440231597, 0.99806754883520632, 0.87940393168274411, 0.98495255225904565, 0.75386122477797723, 0.82737857801111803, 0.98634999201063256, 0.35060622504770911, 0.87678788266602325, 0.96292827156250482, 0.77905995474673995, 0.71391906709860964, 0.45352233791967045, 0.69860058421519, 0.94426589310224929, 0.55425754278621464, 0.49695728404123374, 0.99851415110429742, 0.87990909166246667, 0.88762965623529522, 0.93898696541875892, 0.50876966452169337, 0.64675661195145939, 0.63972439001547898, 0.29550919666492653, 0.66992794259794952, 0.59830859732041408, 0.90688238178811853, 0.61154553550626911, 0.98415909302909421, 0.86091595194492265, 0.3686422923755252, 0.57922054848772409, 0.7440495438084147, 0.57609409123891209, 0.79115561470684848, 0.96321311510155916, 0.32812988277224658, 0.15340994282308767, 0.55118841915576811, 0.20359709409067062, 0.54622719747073911, 0.78860509501993048, 0.29960987768458935, 0.79939237304466615, 0.79513545943074015, 0.45019844453882241, 0.11750054142669912, 0.31431691761680292, 0.6104332335983228, 0.14876831153192632, 0.27556830976876245, 0.77339179014471882, 0.80443632094742668, 0.55261569459117788, 0.98494504114034442, 0.9731453688573708, 0.20080458301320142, 0.77842014981809948, 0.71189417387788267, 0.71886370680342193, 0.93272311057329949, 0.36077303067550492, 0.85092165882233806, 0.77741368059300098, 0.29177373822423375, 0.63803253530184589, 0.21001105564940492, 0.72020151369447616, 0.67019638472173326, 0.34716476865955825, 0.96469818967711252, 0.96928089678103657, 0.72890529432536366, 0.5028600442395037, 0.99299545973320813, 0.96016166075406861, 0.54933773817261933, 0.94109449114298227, 0.88048028866770944, 0.95528726209699233, 0.95337950388638559, 0.31599257531225228, 0.92550847822077809, 0.57905466683068585, 0.64779232677398568, 0.77515314804153501, 0.73570500910161429, 0.79702551648334852, 0.97682059513739439, 0.69202139222116366, 0.62122398770151721, 0.84318349170375884, 0.75771718710746849, 0.62883124106734178, 0.84545404959595183, 0.65545765597625782, 0.75501365441091328, 0.28663090853894535, 0.93117968382765059, 0.62795632660109468, 0.68337348001997456, 0.35808080164725742, 0.4122362131514184, 0.57868287610406755, 0.84990812410886152, 0.64623861835607799, 0.98216613044095913, 0.86372168097312685, 0.66738488675635521, 0.58435927090574491, 0.81001909356904978, 0.82572582598496524, 0.79451807727394486, 0.90051495879595955, 0.30466126681119582, 0.70786375697295434, 0.33516712600714266, 0.99347931530050226, 0.91587338657833306, 0.93169165381419949, 0.93251705401438534, 0.53430325398797973, 0.87798591972742301, 0.97617805689886039, 0.89636061428276403, 0.90033439616793953, 0.72493611426335625, 0.56105191731249038, 0.94057752824584806, 0.86797406342514072, 0.23381497021069947, 0.61161380947265032, 0.27500813346116748, 0.68238284037382146, 0.76444143577009616, 0.36265474667300956, 0.30424393828384061, 0.89000531981306408, 0.057492203717264462, 0.48822653981587494, 0.79817335821143787, 0.91330381102131919, 0.57405278055107201, 0.60608878086809603, 0.67715957642426139, 0.81563927459319729, 0.98308762530380112, 0.73945589022792813, 0.15920137780745369, 0.73524701000700521, 0.34373953544546582, 0.91612276266249526, 0.93349544553380925, 0.7744357758769741, 0.87458768217355531, 0.3221115801500849, 0.13486398797267574, 0.99436682133405685, 0.99720588686153777, 0.48959440830638579, 0.85875560877610713, 0.64307639464214017, 0.83832284943192825, 0.70115910422491523, 0.13850428621601929, 0.72886754237216267, 0.46906357874402743, 0.097363777504501162, 0.37537850302479853, 0.99624862452418617, 0.95885193518525924, 0.85933465833526423]
Median: 0.7574352640181168
IQR Low: 0.19824243917940598, IQR High: 0.14910957979789596

Raw data JS masses: [0.14985466441652853, 0.42460190674334608, 0.39640688487819897, 0.64368556032667146, 2.4702537586157529, 0.66894178200035104, 8.0817707464485178, 0.75699832305830439, 0.77694605277962436, 1.4732918107706323, 0.26699939688917568, 0.12781814541962444, 0.34357823116169606, 0.58510135335122038, 0.80324740934814043, 0.11967501003191373, 0.11819557709363508, 0.23681661487137659, 0.38065905222515822, 0.30109986822335599, 0.7078911244374293, 0.45964045101815248, 20.900475799481143, 1.373751530936743, 0.18762030360209447, 0.17179552364518552, 0.12938361899760395, 0.79431326543497005, 0.25612229610247106, 0.38989528387776351, 0.1312103463786326, 0.12541201171882629, 0.22488229472418972, 0.36355311763888531, 1.7422428181814966, 8.3237060441703399, 1.9777420013601881, 2.2324727756772687, 0.14188029199697194, 0.4766396852076662, 0.22646596603147817, 0.59883604378353683, 0.28600183797911238, 0.94001861570301859, 0.81493969650153686, 0.21655763316968218, 0.27390141219812048, 2.3993653618184285, 0.3647253987936302, 0.35026544645537933, 0.63787250279971996, 0.45207333560282631, 0.18076764447031468, 5.8350421672619737, 0.15387822346364299, 0.34304248147099403, 0.093580917338389108, 0.34645454571168732, 0.62150610455046773, 0.16169388713140628, 1.0613608336346225, 0.67386108476912387, 1.82863955927861, 0.29260796420294349, 0.28923334919308513, 0.69677379206281009, 0.38245988710027645, 0.10141572761662133, 0.20680068028225182, 0.71096924736762301, 0.1348710726977001, 0.5341937012712018, 2.4687292004139123, 1.0489189955575231, 0.13988487458827095, 0.6100235865485133, 0.46365738015034363, 0.19676600491269206, 0.18318968664710475, 0.66955326170711038, 0.28911199584903785, 5.7155979792405498, 5.2993780082938207, 0.3992257259362032, 0.2124608051680395, 0.50970342310248384, 0.522593737840502, 0.36777055800636449, 0.12657234710055501, 0.78671389406153247, 0.64788812744880975, 0.27672528625542897, 0.50418194527713178, 0.10047108282139099, 0.26646155292844625, 0.70352480045138788, 0.31342741680451974, 0.14280783249669851, 1.0774951913418518, 0.14786671486527495, 0.16403402181852855, 0.12060365724630943, 0.37637523474082557, 0.23123601219071371, 0.39827698806374068, 0.52831063345542961, 0.10234809076881358, 0.33542417622231602, 1.2215516113231368, 0.23797557109891374, 0.41757836997021486, 0.25726248841309257, 1.1151325657132314, 1.0084039125940414, 0.10088394525796569, 0.16491147932390243, 0.10113366360169065, 0.26301473120037244, 0.77624511144966868, 0.99482464328477804, 0.80706169847123788, 0.13529761872518367, 0.14783749521966366, 0.18414683979800106, 0.3738327802952911, 0.13223135235506753, 0.19549925520620789, 0.78584226573111182, 0.24910761884074559, 0.10220362367864302, 0.84514359786507209, 1.5467479574057741, 0.84446420041706027, 0.17327180051860802, 0.39134524609933069, 0.10600138180878245, 0.4932143728988454, 0.23634449072137373, 0.58042493809392071, 0.14071156364750162, 0.22761178778162486, 0.54052144154045256, 0.10346136189522351, 0.42896083739197149, 0.98584940427674139, 0.20329689273925913, 0.41821125818017651, 0.4827464766689244, 0.14724824059436853, 0.21791516139691466, 0.26400116301882948, 0.20106141734712685, 3.803875709525832, 2.2771438228030036, 0.74349007273237133, 0.40992367525757989, 0.35043695945693965, 0.46486140087063332, 1.6942593845338401, 0.20852594334987171, 9.4347190230911142, 0.39496474918500657, 3.9376755985561323, 0.33490608180273096, 1.0130140395585474, 0.18441018428295286, 3.0066365263147095, 0.93643824834340561, 0.19522906962043393, 0.13795343621781148, 1.7037532780441269, 0.84894673345376181, 0.12953627775385523, 0.30508661213079669, 0.46915757322530438, 1.0371193099734612, 0.47953135007819264, 8.7620474136827884, 0.61253311685901635, 0.6611323205260804, 0.17465933501623226, 0.14072642455580953, 0.14251670937333971, 0.23535147312871821, 0.23313142918762897, 0.53145010454899488, 0.53922057495981268, 0.2025044913978509, 0.38108746743908084, 0.47545187940954503, 0.13321462486672231, 0.33082103211887243, 0.54545905506211723, 0.10287202580504594, 0.50618030621497212, 0.43247075384168226, 0.24257917210964122, 0.61002921890667694, 1.3581161969186903, 0.74448996896126229, 0.15301373210877356, 0.63284590733254587, 0.37635280675135035, 0.62238981015019279, 0.12398037403501135, 0.46076884405327218, 1.0143304457491673, 0.49655030678917372, 0.32543763268533421, 1.4339823234665123, 0.30198429805782762, 0.44350774071466686, 0.12366473688365694, 1.5169635466374882, 0.26665770818268891, 1.0397261112506568, 0.35667664860291276, 0.35592930021870656, 0.60682466418085346, 0.11535549132865196, 0.12435147810994449, 0.86255259726552269, 0.25950337062721029, 0.52238562939526079, 0.10366527595532142, 0.2736765251640621, 0.16900012951634508, 0.21858687596794374, 2.5235182379636951, 0.77187581816470541, 0.70270605109502626, 0.20088810868550167, 0.36727041800767535, 1.61795309775506, 2.743723010536419, 0.27295317029394056, 0.47306284822367262, 0.59584564386270122, 0.48842626127045424, 0.91683752375113658, 1.4371075884443836, 1.4134304448116679, 0.88773060057619002, 2.2897474769702462, 0.15851706952162228, 0.20689399203842682, 15.023071417344498, 7.5649841692941129, 0.20426189551217061, 0.45824971048562563, 0.24282448016923852, 0.10971334262117299, 0.13074302791453885, 1.4862061866516991, 0.17803931070173998, 1.050799068973463, 0.4036140044082564, 0.11479495889166434, 0.65251892567330938, 0.2246258734116576, 1.5877123315205361, 0.22993666702777951, 0.42795756156690096, 0.24027298226153218, 1.107142003296316, 8.3584288289107462, 0.11365920511575545, 0.22624064180899273, 0.12073495549984588, 0.42149266803264307, 0.12868790288752419, 3.9056049152986532, 0.11481069015065304, 1.212811270406511, 0.10965505893567887, 0.23328369567260343, 0.37950115948539914, 0.30020777064654564, 0.48810864408935978, 0.1504734201716148, 0.10316569355801447, 1.1402847575838513, 0.57592397709440746, 0.22015663685771911, 0.27682585239526075, 0.10493354457559072, 0.42114341904119251, 0.2467581096849468, 2.1434275915285563, 1.5179322618957076, 0.34302090569230809, 0.87752656948747199, 0.6143702297882776, 1.3795239181345083, 0.13942933193168031, 0.21587028829071991, 0.45886140477937271, 0.17892246714388352, 0.09436002220618997, 1.548101271916164, 0.19745659326793558, 0.19733068317850652, 0.32839332031267837, 0.13359409733230704, 1.9368148848809335, 0.34389972235728389, 0.41101470128317291, 0.14471268258973319, 0.41107361348065352, 0.2541090114377027, 0.39448368696552022, 0.097992491906360321, 0.1438576075352116, 0.12218550461865899, 0.22781265440348036, 0.23850863270356995, 0.32371432029692088, 0.36656397402730734, 0.10601935740810702, 0.61179786710208006, 0.12920003599217159, 0.44414245221536974, 0.13742769383501957, 0.12183833164881705, 0.48756145992661698, 0.13345048963468301, 0.41173272563329161, 0.68523196375150008, 0.69290157670346975, 0.16758991542253446, 0.15558015888753104, 1.4765974465806666, 0.34075197392687384, 0.86282671390192534, 0.76791048272033158, 0.65896483705505404, 0.29419667574159319, 0.28512608353452662, 0.21090397622139515, 0.56104014643671285, 0.2345046195422745, 29.906275692251295, 0.27832474834553161, 0.24141100999101894, 0.55425934814322653, 0.16580490789306671, 0.11877517373567194, 0.36127446432750904, 0.51886411732019144, 0.38472888382432857, 0.45956823309836192, 25.569788954105576, 0.36062663275682943, 0.2590228115682861, 1.7136298408388995, 0.095157958449679642, 1.0831889936080255, 0.73027037706967768, 1.0808394897707596, 0.13577062226739586, 0.5404192133480934, 0.59928055569012972, 0.44122446369065854, 0.3376645690169473, 0.28805853182191526, 0.39236837810026748, 0.79815720280961588, 0.12638901271461736, 0.16386212554480131, 0.38782766261905338, 0.47583044847308464, 5.0860145392506668, 0.11749835853661962, 0.26945782170728516, 0.67871714920118853, 0.40463697050373165, 0.9878310564595898, 0.54374789470254636, 2.1001211557515749, 1.1108869252613787, 0.32157716155847749, 1.2645368837404074, 0.27639282711865687, 0.11730336637465079, 5.5569176856686262, 4.0961757605116356, 1.8837879118664158, 0.98472304930737831, 0.18858360415121958, 0.28442956791148849, 0.20154026864057079, 1.1300557957281472, 0.095420070486760433, 0.24461554553208037, 0.57866939563635655, 0.85614886015117175, 0.21675767666067033, 0.96288458183882675, 0.095102293015111139, 6.9951612622285513, 0.18188795347780107, 0.64760232485459479, 0.15505167908143494, 9.4717255409042185, 0.25597864204708698, 0.40547933417319609, 0.3746321424151019, 0.43524094487841769, 0.63697755340640172, 0.10501736651004927, 2.7509287730122454, 0.68085149142770296, 0.21650068191786889, 0.10663933403479595, 0.74643093958033235, 0.743912543714352, 2.1481176082240085, 0.18509758763345299, 0.35600570389700226, 0.43122125692879698, 0.096361678568947576, 0.13587811964474877, 0.61743706116654906, 0.18876327520995259, 1.0597197756564729, 0.097049943805719949, 0.6124911510318154, 0.32764833744824562, 1.384943767628448, 0.10196164838433253, 3.5673534952768047, 0.14457175743549486, 0.89327267930783283, 0.90361514083955241, 1.0714115515016098, 1.4041046691919654, 1.1315841375072442, 0.11519046947656122, 1.4618341400467134, 0.33065258652868246, 0.52545570833331745, 0.095763177460943094, 1.3069990474116191, 0.16673137468826618, 0.46422983815055996, 0.21214284656783813, 0.24013460747988991, 1.1922149556103283, 0.22567751601451927, 0.36661865749701883, 0.7899888625088638, 0.26064048011794599, 1.139280734431293, 0.40242907083411206, 0.21791251087569824, 0.10340645296750717, 2.0188143268182723, 0.34682133536098603, 0.13306252834626858, 5.6147785382104578, 1.3694376208952508, 0.10533379641133954, 0.42357666782876358, 1.0405891776713727, 0.19494524678171893, 7.8453012888930145, 1.9780168791361941, 0.16663213931653317, 0.79385348263824251, 0.092303511841035288, 0.31212408171229722, 0.53935573271121451, 0.11331717930572566, 0.19767758917682871, 0.095705673124885593, 0.76164664529008086, 0.28057857606000841, 0.28265644740601975, 0.72726856062944767, 0.15026444932388766, 0.9028159505339699, 0.46199977362371908, 3.8530139914914656, 4.3148449973583949, 2.2422167027340278, 0.26232417585463097, 0.14566687442785867, 0.29186929926229344, 1.0609654153179144, 1.3324786519072542, 0.4659690090767496, 0.82660411502705189, 0.43186759085010146, 0.51733253765585385, 0.33224583266196145, 0.11203004025512953, 0.7204292185328276, 0.29532582145943931, 0.22314710702343177, 0.10566690961023023, 2.639465308515391, 0.12034978952033347, 3.0672102454755477, 0.31763023273356228, 1.3996574798101462, 0.36322725201456496, 0.13666523742665029, 0.34459443653780408, 1.0443590709195953, 0.94485247769740943, 0.16214626741127774, 0.16247259282735838, 0.56083170381540381, 0.25389573069486221, 0.82187124796869604, 0.29993507241659118, 1.8230300601332616, 0.19033755891841922, 0.50455262057208228, 11.784148253416371, 0.2091578089736206, 0.3972743714760481, 0.48303119570663405, 4.3178545613647543, 0.15730042784636106, 0.25186618084825013, 0.39713077134519453, 10.189639648414907, 0.46632978163530947, 0.18703972280903242, 0.21233778805316536, 0.22648102574338053, 0.77831686928442345, 0.25550054380485993, 0.37447037880322459, 0.10268336207310064, 0.44898112572165799, 0.22003899443643138, 3.1859211525611899, 0.52586397591092582, 0.41512967738348583, 4.9305931437979629, 0.118508221584851, 0.71280548362248419, 0.093761744609933376, 0.15931383185173101, 0.21486921626450778, 0.19647770509969875, 0.098881349164512147, 0.32769311712184507, 1.1740131370372131, 0.31890301709710211, 0.17107889789046138, 2.150127442620636, 0.14427784179452752, 0.47847757975261779, 5.2339656674491701, 0.12264349230117212, 0.14615817674287021, 2.7243865696098868, 0.097297459293961039, 0.43507186213015109, 0.65032446487665196, 12.019080476485188, 0.11199512385713865, 0.51260278985471985, 1.7923630195672393, 0.15159321874387213, 0.27158248927931267, 0.29816314096729646, 0.36707148404067719, 0.4390579890902967, 1.0314555089126041, 0.65042750430330398, 0.27090562202449081, 0.38710982072140815, 0.16434582681856938, 0.64427731976535152, 0.1383068347765915, 0.98814105999836166, 0.9057423693680916, 0.85594387544642192, 0.32700822540822955, 0.11103087138010258, 0.23600166338680972, 0.1523395969500442, 0.13455787110621903, 1.0419760636830089, 0.5394196328663653, 0.12046058851227431, 0.094026862822731413, 0.1853364452613773, 0.6638738658412664, 0.57887523448241929, 0.75528526711952981, 1.1221766548950978, 0.1424425321425983, 0.30154712447984172, 0.21691126117111906, 0.14551549023498164, 1.014724693306349, 0.8857788277826294, 1.3162517417821664, 1.743222051467646, 0.23270242291897275, 0.35016223366945054, 0.40946215587869145, 0.42202976269760417, 0.72180206335827457, 1.4423774476253279, 0.6033416821536508, 0.16110886061655902, 0.63370010120274012, 1.390786806246664, 0.25564080887711954, 2.7926540782602007, 0.11243546044308848, 0.91577187208968513, 0.16721506901858491, 2.1735301542767296, 2.0324981516768825, 0.21984781323905406, 0.33688148701671267, 0.90509369326438149, 0.48369444453197891, 20.880886146970919, 0.67008859280383859, 0.49946971152431602, 1.8481921194144271, 0.13675103560683885, 0.32647120298198157, 0.20468272038239108, 0.3713180717712305, 0.37692747348609712, 3.7086072880571597, 0.53711326294474548, 0.10040834017980679, 0.12709143213610832, 0.42762249315787454, 0.42111099366941268, 0.36198926623597116, 1.6440163159684216, 0.56395010567740822, 0.45015375313952394, 0.11088757399175861, 0.80285267331077936, 0.29553649996415815, 0.38184877247185939, 0.20788033084376203, 0.18055199863881247, 0.68710336819496143, 1.5420981352676029, 7.4022257939561955, 0.14294556609796577, 0.72233184525132887, 1.1157211846499442, 0.16599446583356561, 0.28720473591809936, 0.60394010521446972, 1.3031898511403568, 1.1294224239041903, 0.54001991538518013, 4.6928225143248454, 2.8319511975234875, 1.7553975829061357, 1.718909860357605, 0.50836549229500516, 0.28963922614031062, 0.22740737628851646, 1.0928718798680837, 1.2911585236964556, 0.27766289783334147, 0.10341805539543637, 0.4980766293182447, 0.22041141131247197, 0.13653187997678801, 0.11071566274818556, 1.0108316894047107, 0.18462703564489838, 22.582516260913977, 0.19046428243304386, 0.17378445037033735, 0.48487993225540216, 0.14900203341052934, 0.47956520177447631, 0.46900125654056452, 0.13117645487280061, 0.48214705332418717, 21.381169526309595, 0.93918257679931583, 0.19810989868259543, 5.7820656921820435, 0.56608843129831576, 0.32684381607228119, 0.62532458006330682, 0.65059010292985786, 3.1806243084028716, 0.23792347020108121, 1.0791651920899323, 0.35420113014757543, 0.2113616918207486, 0.10521544077625421, 0.11331798329194458, 0.42105431540275595, 0.14454517043446977, 0.41644570333273528, 0.31397144817860617, 0.71453599668100776, 0.3028932909026143, 0.85946282756818526, 0.32958625594642854, 0.12950160608387229, 0.63628602924853583, 2.4625512685195075, 0.13523688566723999, 0.61298535944847732, 0.41136418227805843, 1.5735158018736524, 0.50423993676689427, 0.21546938709107757, 0.64933818524827236, 0.27150340188326971, 2.7864087689818824, 0.55916621004494471, 0.29559579823457605, 0.81437601635125623, 1.0694322351404277, 0.12250406156785203, 0.43882210013544942, 0.31045024210798705, 0.60129390375305458, 0.23319374426352055, 0.35696074606549283, 0.80746776712969048, 0.61924919171206072, 0.28130142369261069, 0.13678017158537409, 0.7501874902357929, 0.49680634636054022, 0.10974101824028276, 0.18381358668721332, 0.14041993166637393, 3.9218464187745115, 0.099456878132811705, 0.30349041949910172, 0.19845013825592037, 0.26472788007205827, 0.82298892237532473, 1.2191039838687823, 0.11059050374254377, 1.5470156229613843, 0.62701096785988486, 0.11964589603947307, 0.32348106780865776, 0.60883849225162245, 0.10689465931977717, 0.72930162060861004, 0.17070997693582643, 0.13993465271555036, 1.6926775100236433, 0.196503925264642, 22.297629189870847, 0.37644706750357743, 0.48635024567556051, 0.1360830791696846, 0.56545885354619363, 0.16331891118029243, 3.2891806237441621, 13.707905149179792, 0.90489833720405721, 0.11315133821734795, 0.34691291817196979, 1.0574306242536071, 0.097973373240517275, 0.59311189987709301, 0.2208221108693233, 1.0282332458704129, 0.45818047623760683, 0.77824689911302991, 0.82674423313073186, 0.15522598345347319, 1.912054976298897, 0.4003205959458222, 0.6811059484714328, 0.2823362868301571, 0.11108840606302348, 0.50119099529628297, 0.23059583980426362, 0.22415444020093878, 0.20755752871204036, 0.2003605297878174, 0.19573066047827531, 0.68573590742971313, 0.52430693241544224, 0.60032754508739983, 1.9309628665351417, 0.38807218215746248, 1.6845309703168503, 17.611099791273556, 0.32383897366277187, 0.17694831575266468, 1.9596092957092142, 0.096247194838509922, 0.22482054235465326, 2.1840675319485161, 0.17324476789501722, 0.15287244743555892, 0.40822707059718139, 0.12090237774255441, 0.24560572219615209, 0.39390691352074197, 0.72851409177283277, 0.33073996122987742, 0.49337623026536853, 0.11330167994360207, 0.12444239782617149, 3.7941673048410345, 0.54837924123833892, 0.84920810137141112, 0.45363922025458747, 0.70707749625766891, 0.6453635627506189, 0.28520294174618771, 1.590499223290893, 0.816272908427914, 0.26865589332095874, 0.21745726702763499, 0.94013910606568718, 0.3369268429582829, 0.57312617755965245, 0.2126312098506685, 0.56168600043214567, 0.25981960651775032, 2.8324707762247332, 20.01899242270747, 0.18809204849147806, 0.4601801722218184, 1.0190793089854666, 0.2398844630604651, 0.098125387177425832, 0.60090645134955312, 1.0050973710797515, 0.21559830313526102, 0.52958929683484934, 0.41571088013473179, 0.95183232762056824, 0.26919841371278319, 1.2528834948848468, 10.418323832778945, 0.12126495668950536, 1.0297861762472507, 0.11432025773962444, 0.18047030595168306, 0.77801089041263982, 0.55886775918735843, 0.9327124303088099, 0.48669438446184504, 0.54496163198335645, 1.0732696125357515, 0.37417661293131266, 0.29130315271792551, 1.2379623167955069, 0.36587997219125135, 0.93867029929297574, 0.12029695601761818, 0.48978764559421673, 0.23217625008220744, 0.1944393157089491, 0.25415524919294014, 0.85685206060724983, 0.70899520604019084, 0.47538372626268977, 1.5220717223492701, 0.34576754301920143, 0.38294278792234138, 0.094908742644574245, 0.43608261006608257, 1.3380394821893251, 0.23957287026390719, 0.3908056619005072, 5.2411895940017565, 0.15189077968123996, 1.3967570395815441, 11.296016287423027, 0.26424416884506324, 0.397657852626839, 0.16567737488216128, 14.294675124797653, 2.6403048054134004, 0.10176083328602326, 0.64438051282174935, 0.26241845530707758, 0.15881582636579522, 0.27860597808986981, 0.45832684001511237, 0.35470067293855817, 1.516515963302884, 0.48331055644524784, 0.2137431660420625, 0.71868965906935056, 0.54547632104321009, 4.7764685555906548, 1.7484319590401727, 0.14985811746607058, 0.6717499415408692, 1.4040259219654276, 0.515787486038355, 0.28255155773381174, 0.69484298840198722, 0.76338302677734304, 3.8293899830868892, 0.26468275685539439, 0.75855571914755893, 0.3944579932476277, 2.6390639375487268, 0.25128210889031338, 0.13736862957728221, 0.8051071920819951, 1.5107169717430484, 0.29928891408351188, 0.28455203677059371, 0.50260541144887061, 1.2567097824698363, 0.28553088950763961, 5.9098152925221097, 0.25977898122428861, 0.63876414439216056, 5.0362749954865293, 0.17066736631902799, 0.7615223089036246, 0.4329241724606791, 0.58325126715109454, 0.42658270548162747, 0.49838326485391093, 1.7530831959559103, 0.19124961519783812, 0.33163658875101909, 0.9505021157632263, 0.17209868746446916, 3.1532615070190237, 0.18596298287098126, 0.4970769486637947, 0.16898243189195508, 0.32698807293310994, 0.6026502388573941, 1.0866102750141526, 0.53845817203549917, 0.48387135805468151, 0.7407597612366853, 0.47527687074855984, 0.23985786985377508, 0.16392636098145183, 0.55700428234014088, 0.10441511300873438, 0.20299730578739089, 0.75516588509252203, 0.21848742379024702, 0.50815217608881968, 0.22779935366454904, 0.29142029676556674, 0.24940372554678195, 0.41894080378310933, 0.27945218221798052, 0.25027981325291632, 0.28365854682537583, 0.47535209849163884, 0.627669165329649, 0.18914678695980905, 1.8721134911551589, 0.10364468544876387, 0.15571714577808352, 0.49929911750764694, 0.15592576431641414, 0.1924376898839342, 0.29324800431672676, 2.3028429803628772, 0.16134240147774886, 0.12346380613789182, 0.13277267585522215, 0.13311515649953168, 0.69331244071772047, 0.19325296379587417, 0.5055074525662081, 0.11035826043957264, 0.18755374407473832, 0.11105447833545055, 0.66011325539981081, 0.44749608914681804, 0.60260194759870245, 0.54651119690828176, 0.10040295146004506, 0.17247577709851969, 2.8482356947110641, 0.5528726217141694, 2.4727870161286112, 0.62885543652016795, 0.61525561662932671, 0.12402349533597669, 1.9997829001693808, 2.5443980029584754, 0.35647637656248926, 0.3767936893649711, 0.19579092834544048, 1.5160791377391987, 0.68083987848212635, 0.58720280955267423, 0.36833320869001324, 0.30018675434990538, 8.7332081143905054, 0.51265787333309409, 0.37492738218402261, 1.1495098101332022, 1.1946099883309331, 0.15084389058273517, 0.10423001231767878, 1.1684511865815186, 0.99818414903283881, 0.10771996025433571, 0.45902570625262695, 0.94849177300126408, 0.44324116121889273, 0.12659678378505784, 0.79758299755089201, 1.1913208203450225, 0.16174305629233343, 0.41901681450939154, 0.12644581593078999, 0.20235615332097429, 0.15818611606236643, 1.7394028956560268, 0.19386539435590194, 2.1960749479840422, 0.33152055447987999, 1.3440501548119559, 0.24753440743276686, 0.42608084942156782, 0.21430297752870126, 0.23867101309656583, 1.4495310819491991, 0.70276651943498902, 0.21446800716957753, 0.29440492606072716, 0.48901158981839915, 0.9332674398310512, 0.16045953359737891, 0.24766369028794619, 0.14406800455471999, 0.56032240830557245, 1.0701122019892428, 1.3767219871313772, 0.77788190675971336, 0.79620951977537624, 0.43570756831397445, 1.4708664415801234, 1.0525391699917723, 0.60596149417546219, 0.47973069574013677, 5.6872598154014371, 0.32767929324034117, 0.18611773107232712, 0.51137529966389506, 0.16797003031496216, 3.4183562635043803, 0.60794841155963175, 0.45143232184068366, 1.1481274679932507, 0.33435946301713004, 0.15267907320627411, 0.62674804250836302, 0.43247648759947832, 2.007391131466608, 0.26023288806424077, 0.52895622067032833, 0.67599593750374565, 9.5739746068567406, 0.28470654083072372, 0.41297401530909855, 0.63928950223749326, 0.23713547830188159, 1.0309242374604406, 0.47129910932602215, 1.814479205248994, 0.66198803711299437, 1.1231956556141713, 0.24059622483716545, 0.9573167524712044, 0.32505560315137794, 0.11453173109916492, 0.58141581429689215, 0.35419009357333325, 0.32666056130140686, 0.44234467732705329, 0.22113639795211582, 0.63615088997326863, 1.4855369917159318, 0.47513953812993565, 0.24235719175170892, 0.45899954552201383, 0.80920235431114784, 1.1616433665805577, 0.29841842341675623, 0.68378241907976234, 0.39664972995550712, 0.17638093150672493, 0.59347697620125506, 0.66345459818146979, 0.28971179147716158, 2.8560914906359529, 0.17908802725456704, 0.64547816458804941, 1.2744235504540786, 0.80594063222229084, 4.1178709758858449, 0.11129538983384588, 0.24086951226513853, 9.4773624981965696, 0.49372658893048293, 0.54738984773355248, 1.2383286365524382, 0.49289841553190977, 0.19287371195889641, 0.68078401751619799, 0.22174381065160376, 0.39380839732411349, 0.65025938437446063, 0.11365778318931745, 7.7167955409561557, 0.27756332249920046, 0.24486995038740461, 1.0413356536389711, 0.13100863557235054, 0.40079377431252033, 0.63202393525671419, 1.0117975299728799, 0.51993262616767721, 0.14241428149599411, 0.22944069145614818, 0.44996869047080423, 0.096702935795307365, 0.31263478558495039, 0.96307751934982622, 0.37662217623356392, 0.71753529771244517, 1.2209117474461695, 0.32296899154234976, 0.37629724198727638, 0.36539583083216237, 0.16615850783305855, 0.096355068958929035, 0.31407401456169715, 25.171193418202822, 0.5695453723695123, 1.0376969621981222, 1.4487698878173354, 0.19250731531342194, 0.20248010398629543, 0.40471504920680501, 0.098897219005725984, 0.75409598323179938, 0.57858953896638654, 0.3031760092365488, 0.095705937612279426, 0.19677806316122226, 0.18663341245701742, 0.53494250484072758, 0.09862448902455459, 0.67300297909914686, 0.91915177888900379]
Median: 0.41607829173373356
IQR Low: 0.2041307338526678, IQR High: 0.3868730655863861

Raw data N>2 Populations: [ 3  4  5  6  7  8 10]
Median: 6.0
IQR Low: 1.5, IQR High: 1.5


===============================
System Type & Avg. Detections:[['JuMBOs', 'JuMBOs', 'JuMBOs'], 0.55000000000000004]
[['JuMBOs', 'JuMBOs', 'JuMBOs', 'JuMBOs'], 0.050000000000000003]
[['JuMBOs', 'JuMBOs', 'JuMBOs', 'JuMBOs', 'JuMBOs'], 0.050000000000000003]
[['JuMBOs', 'JuMBOs', 'JuMBOs', 'JuMBOs', 'JuMBOs', 'star'], 0.10000000000000001]
[['JuMBOs', 'JuMBOs', 'JuMBOs', 'JuMBOs', 'star'], 0.40000000000000002]
[['JuMBOs', 'JuMBOs', 'JuMBOs', 'JuMBOs', 'star', 'star'], 0.10000000000000001]
[['JuMBOs', 'JuMBOs', 'JuMBOs', 'JuMBOs', 'star', 'star', 'star', 'star'], 0.050000000000000003]
[['JuMBOs', 'JuMBOs', 'JuMBOs', 'star'], 2.1000000000000001]
[['JuMBOs', 'JuMBOs', 'JuMBOs', 'star', 'star'], 0.69999999999999996]
[['JuMBOs', 'JuMBOs', 'JuMBOs', 'star', 'star', 'star'], 0.20000000000000001]
[['JuMBOs', 'JuMBOs', 'JuMBOs', 'star', 'star', 'star', 'star', 'star', 'star', 'star'], 0.050000000000000003]
[['JuMBOs', 'JuMBOs', 'star'], 13.300000000000001]
[['JuMBOs', 'JuMBOs', 'star', 'star'], 3.9500000000000002]
[['JuMBOs', 'JuMBOs', 'star', 'star', 'star'], 1.3500000000000001]
[['JuMBOs', 'JuMBOs', 'star', 'star', 'star', 'star'], 0.10000000000000001]
[['JuMBOs', 'JuMBOs', 'star', 'star', 'star', 'star', 'star'], 0.14999999999999999]
[['JuMBOs', 'star', 'star'], 24.0]
[['JuMBOs', 'star', 'star', 'star'], 8.4000000000000004]
[['JuMBOs', 'star', 'star', 'star', 'star'], 1.6000000000000001]
[['JuMBOs', 'star', 'star', 'star', 'star', 'star'], 0.40000000000000002]
[['JuMBOs', 'star', 'star', 'star', 'star', 'star', 'star'], 0.10000000000000001]
[['star', 'star', 'star'], 43.850000000000001]
[['star', 'star', 'star', 'star'], 11.050000000000001]
[['star', 'star', 'star', 'star', 'star'], 2.0499999999999998]
[['star', 'star', 'star', 'star', 'star', 'star'], 0.14999999999999999]
[['star', 'star', 'star', 'star', 'star', 'star', 'star'], 0.10000000000000001]
