Raw data JuMBO Systs: [ 5.  7.  6.  8.  1.  2.  5.  1.  6.  6.]
Median: 5.5
IQR Low: 2.75, IQR High: 0.5
Med. Survival Rate: 0.020370370370370372

Raw data New JuMBOs: [ 0.  1.  0.  0.  0.  0.  1.  0.  0.  0.]
Median: 0.0
IQR Low: 0.0, IQR High: 0.0

Raw data SS Systs: [ 101.   74.  111.  106.   91.   90.   89.   85.   81.   94.]
Median: 90.5
IQR Low: 4.5, IQR High: 8.75

Raw data JS Systs: [  5.   8.   4.   9.   4.  11.   3.   4.   3.   5.]
Median: 4.5
IQR Low: 0.5, IQR High: 2.75

Raw data JS Semi-major: [63.925142905304817, 407.52703240756449, 55.825996646367081, 199.45196149940074, 137.04741270788784, 102.3916563589932, 647.83369976228528, 266.9416845663373, 387.06975630098236, 410.7294773793036, 765.17961988421848, 203.1672474101201, 351.2340670028247, 234.43554089210249, 346.13574302752664, 13.028151700634531, 586.72810693637587, 69.287666809118349, 729.28367239048646, 318.339960516887, 765.4356039256113, 560.89327218796097, 355.17201541868593, 713.33286811443372, 325.84463533443693, 127.77579644166492, 213.74451504438781, 843.87219654637374, 623.09221964308642, 185.97229350996386, 498.16340526047122, 354.24420012749368, 487.06403913773437, 847.78896433205023, 718.44580184831761, 411.05051621590781, 42.542403666648212, 161.48982911218815, 202.62502617154888, 335.51028247028472, 510.03932319695406, 339.31187579529171, 277.12258666015805, 117.87071611352972, 246.28224949848348, 117.10047579595366, 305.11467755868102, 136.71830085556917, 338.6277776611509, 509.94657335013596, 971.03769708319589, 408.72157513518846, 712.59826510617756, 514.09701620474027, 326.35793378639255, 234.568086439296]
Median: 338.9698267282213
IQR Low: 137.13806672470943, IQR High: 172.08391972067932

Raw data JS Eccentricity: [0.99739135286636871, 0.62154589583866149, 0.78959791300524373, 0.95006943084121309, 0.5106612602390308, 0.67491501794592301, 0.6481701215402137, 0.5276693009149992, 0.57818441744180415, 0.72648290589763209, 0.45329447765775005, 0.23255269175463669, 0.94994423389176375, 0.63646852233520823, 0.83125803734511905, 0.69049267878889165, 0.94215704985319193, 0.67632843657757047, 0.81005541729695874, 0.089496148492955743, 0.80604344481374379, 0.84101684658974962, 0.90186294927877486, 0.7671174799794328, 0.92481070636629903, 0.74663196183241287, 0.65303426412787413, 0.82582161511997609, 0.81402350010728675, 0.82470408802191719, 0.58027829312383061, 0.24299432759102799, 0.99733064641072444, 0.25401819009789733, 0.66306361679937964, 0.92957953711395669, 0.56252899513201404, 0.99178797873832469, 0.85244005826963243, 0.86985768933736185, 0.8367042414497261, 0.50062347898818849, 0.7274718019667904, 0.53235808103998417, 0.7307130393612391, 0.89034351906475118, 0.6640116817882199, 0.47129117135093013, 0.32469152150856057, 0.99252419687894966, 0.74859823276337967, 0.99538434101125406, 0.80789843374021419, 0.48827321401426022, 0.55117243395018756, 0.94258673849896679]
Median: 0.738672500596826
IQR Low: 0.16440193873246933, IQR High: 0.11812196543973874

Raw data JS masses: [0.15209339026925717, 0.74987532288649006, 0.18681849778774853, 0.16713089970258177, 1.1228157329967541, 0.20940426675778831, 1.6268940108700216, 0.23453090006671395, 0.18301311662434616, 2.2021365972726592, 1.063557497926908, 0.57861811120421569, 0.30149334416349027, 0.96854171202288519, 1.0474250653643966, 0.099139880732702704, 0.11947197035604443, 0.12457836526025545, 0.22233444022911231, 1.3148114916083748, 2.9762669064402609, 0.60603173206574823, 1.1005326855338484, 0.3901780404901109, 0.10806868592908886, 1.6026381889093551, 0.099041892119699895, 0.77817649564494429, 0.54494359302122686, 0.50746390687495135, 0.64471088265359122, 0.42739099856595841, 0.36778383147274002, 0.25859517133429583, 0.33322994529344718, 0.39137656069558591, 0.25708899397657903, 0.38179564209790345, 0.56234297412001455, 0.094671927277909809, 0.14689245819481084, 0.23065974743475637, 0.22123943663111684, 3.3960931000546619, 0.16792338181761074, 1.0187233985526674, 8.3347826073400348, 0.24031478179289514, 0.4746363203946431, 1.105004473802405, 0.2971705675315085, 0.1196345372061119, 0.5187994438665301, 0.76440079027419949, 0.098977616518377665, 0.33327575621938044]
Median: 0.3859868412940072
IQR Low: 0.18222901677872883, IQR High: 0.4397809584454223

Raw data N>2 Populations: [3 4]
Median: 3.5
IQR Low: 0.25, IQR High: 0.25


===============================
System Type & Avg. Detections:[['JuMBOs', 'JuMBOs', 'star'], 0.20000000000000001]
[['JuMBOs', 'star', 'star', 'star'], 0.10000000000000001]
[['star', 'star', 'star'], 1.7]
[['star', 'star', 'star', 'star'], 0.10000000000000001]
