Raw data JuMBO Systs: [ 16.  18.  30.  12.  16.  15.  20.  20.  19.  15.  18.  16.   6.  15.  13.
  16.  13.  19.  13.   6.]
Median: 16.0
IQR Low: 3.0, IQR High: 2.25
Med. Survival Rate: 0.032

Raw data New JuMBOs: [ 1.  2.  0.  0.  1.  0.  0.  0.  2.  2.  0.  2.  0.  0.  0.  0.  1.  2.
  0.  0.]
Median: 0.0
IQR Low: 0.0, IQR High: 1.25

Raw data SS Systs: [  98.   82.  105.   95.   90.  117.  115.  108.  103.  103.  107.  102.
   81.   90.   86.   90.   99.   92.   85.   76.]
Median: 96.5
IQR Low: 7.5, IQR High: 7.0

Raw data JS Systs: [ 15.   9.  14.  10.  16.  14.  11.  14.  23.  17.  13.  22.   7.  13.  15.
  14.   9.   6.  14.  12.]
Median: 14.0
IQR Low: 3.25, IQR High: 1.0

Raw data JS Semi-major: [146.19562535811659, 85.3599347785715, 446.323770936617, 300.70558201207166, 227.64253631996732, 328.91473188772352, 228.11717599752657, 612.10882366951046, 302.50473363209187, 485.6011827047663, 241.79515834464419, 423.34050605306373, 78.280488207230775, 712.1567071957578, 933.48320905484593, 139.07212305803293, 26.666959922335405, 395.43261419467484, 327.35494297273232, 228.99030655810787, 87.924212346522623, 903.45170022011484, 95.09131740649886, 760.88838888415501, 390.53532666479003, 256.86133079710618, 201.68503909373655, 532.57552899853124, 296.0663984184564, 51.078565595829851, 779.38259879108921, 913.21188764404883, 218.69657829157498, 31.217395575401355, 373.1003791135102, 195.22749588726157, 294.23555514897078, 198.76757798412589, 933.34517190616054, 557.55337183001132, 381.2823645307808, 424.09619282272411, 272.51575353617426, 602.02687797854378, 889.8059391333835, 850.39913512869828, 107.07487427316231, 348.83351479776741, 840.13360068279235, 67.738162768337631, 415.94113249550338, 301.42612857316749, 312.54305242831475, 174.35931075064494, 477.49099914293839, 88.046555396283949, 111.24759706574852, 908.10925933809642, 415.9647142855697, 663.89659156989308, 568.60456375952288, 267.81878058233349, 146.35840223292385, 45.330894404253918, 197.01443852571109, 82.833473800122377, 497.54504596896027, 76.460535742442758, 189.14190380111677, 224.99334617746752, 180.7616929975357, 438.36503456385742, 296.07724349434267, 311.42075981496646, 918.3415478976259, 411.81641455375046, 59.164262245499529, 357.19763258662033, 530.72876521135231, 155.5382889514477, 578.70018476158577, 447.01899731895838, 950.15870856992387, 711.69070942519761, 247.21939406038328, 513.79747552275808, 161.59238886876986, 363.18322451903265, 368.69859489399317, 355.32784105520324, 26.648058608885854, 501.14827597635303, 147.15357684334677, 120.97147230349481, 227.39894854291038, 496.92649686371806, 411.35145437142734, 459.53003630123709, 340.77714771315055, 24.695560594428017, 18.366750255856228, 88.295313892089496, 381.0054502333237, 616.86428435105302, 657.6313542339683, 146.92875276721011, 261.30379064386005, 281.71179188033949, 510.5892723526498, 99.047340241897771, 441.39997153535506, 398.72249331111038, 352.37431932337176, 425.36777866748594, 268.26793240162829, 227.11062974831037, 67.002390952327417, 343.42357235842559, 132.20564734751534, 384.90928123266008, 475.14656290981537, 104.56402470729451, 594.15404439121858, 352.48172024138682, 612.54292938898482, 353.04026977379908, 800.84607223895318, 348.89405168095703, 381.53577255944674, 399.9478222881703, 375.9644588678504, 467.89758217109033, 230.34962882858039, 258.16831213859774, 238.6722222928783, 260.65571939969817, 38.610993831456085, 762.98922836840586, 138.07686722682519, 351.5818922562911, 775.96419120822895, 135.32115907078983, 25.067468961136196, 170.27314267314216, 481.74162834669266, 234.64839602579872, 250.98149809969306, 496.65580974298206, 644.67958960553756, 678.2262036107652, 440.58570027252847, 259.69057795129243, 169.19333880670737, 216.24882141407377, 366.9775407130536, 170.20640648452894, 176.42262879258078, 187.87319409296811, 366.76349053245383, 284.47507567171692, 130.30341346721056, 198.19098407121473, 314.57442469396904, 749.67430619905292, 344.87855208814557, 125.99529154992747, 237.02673942066414, 192.19362330792038, 754.77336513916816, 69.377540709749269, 114.3311654893042, 258.04889484586869, 384.08072457401136, 635.15053096626002, 114.68966569547599, 423.17718947736546, 614.5888306001458, 783.75432242431725, 667.44911999631722, 18.753586327703939, 811.32787228824509, 746.88074991854251, 451.42641073880594, 254.99593827891405, 921.92628832172977, 803.48576752621204, 90.035637275480951, 372.82162312883031, 751.14047454955812, 192.91359415655893, 798.45309399484654, 250.33275085436276, 226.21245035548532, 161.0074499896904, 194.41107988258656, 257.59187752169299, 679.17474147503845, 67.209673634504838, 405.69692442798305, 176.43049593347277, 768.01616979658002, 117.70480290246336, 242.09815277680337, 93.809430964061193, 269.54753496422563, 286.79450129902011, 891.63760647437755, 672.22427557627736, 446.07462718078642, 53.081890640826202, 73.314404717674464, 244.99023469719111, 497.73901928841639, 939.67298692906888, 317.14882452227783, 127.99944205497184, 285.77606519549238, 271.60325043494015, 711.61297937854818, 454.74461546004932, 227.59651910910051, 100.74962323246594, 211.24033956332934, 322.1215499823208, 92.416198220902842, 800.32598160118607, 123.75605960124408, 92.586891806540976, 44.530813475028701, 327.81365550534866, 425.39255025974791, 551.12241558413291, 869.00045266021505, 282.306662252622, 128.90173874067955, 287.59335008663021, 54.903211002924962, 709.32933965904454, 345.9249360965419, 354.74597072720184, 64.218143548398388, 665.96131486248237, 17.695493207997181, 63.546079424832975, 389.10787486219482, 140.2250131895824, 184.02430519274392, 484.03084359515861, 71.818795030659757, 89.580219354620368, 195.89570557332814, 70.946470109052683, 191.15010393182587, 616.35324376266578, 445.76044811833975, 545.80128232955565, 405.94185700784732, 983.35231894394508, 109.50848831982684, 326.6421175488266, 818.67346367401728, 105.30871199847866, 150.64960403464627, 93.760203324492863, 205.1101814754002, 537.84192867801437, 71.91720372705629, 77.527526810229958]
Median: 301.0658552926196
IQR Low: 141.42569556248986, IQR High: 183.35757307994095

Raw data JS Eccentricity: [0.73465245141245461, 0.42846590724503458, 0.78181194020388478, 0.85763795953664002, 0.35564390030004128, 0.91332074993327206, 0.3645305355384047, 0.48929017573629724, 0.845152887877892, 0.80138336542877642, 0.72146130160910116, 0.083913707598785067, 0.76474306454978913, 0.94874651864426318, 0.89750781604937557, 0.33948473953663577, 0.51576705938342449, 0.81057752143332373, 0.45685115041477659, 0.26779844173456829, 0.55426163827569797, 0.21400600713548651, 0.29119744567077677, 0.62114909912997129, 0.99288831669376232, 0.55439088458816943, 0.48807713716457191, 0.64083920071338185, 0.67232149166670108, 0.49448718339030628, 0.30716814003667087, 0.61091508965305774, 0.9066098622766362, 0.90415092532363295, 0.84492232271235124, 0.9153072527918229, 0.38455558308766574, 0.34619961465594196, 0.87450008911430599, 0.24576533409904935, 0.43985772102088322, 0.31370099389860401, 0.34260405069304523, 0.49429822907368276, 0.53245294173583624, 0.68477569655112891, 0.89990276142520642, 0.57481396694639619, 0.44143991017070544, 0.7861421014563662, 0.40301308996885382, 0.76817940045043509, 0.95418053436835615, 0.71234826143870134, 0.77818220783673586, 0.92023741173496032, 0.1233958675772204, 0.97653718367858311, 0.47957325940780149, 0.63508171761816479, 0.63209105626200279, 0.76897832990188142, 0.90848916235068189, 0.30099680793078221, 0.96256748687323013, 0.22863125186104427, 0.72182664605103242, 0.89132475674871869, 0.41848652852894375, 0.81217123817284331, 0.55811878102920909, 0.61494032935617415, 0.62242117043009104, 0.96841460184069006, 0.28208560951340167, 0.54224088122780456, 0.57499687235916319, 0.35061597233024583, 0.72387598784046159, 0.6237084729397584, 0.29672048046642557, 0.81826739062129572, 0.54603675504324101, 0.25873115321693008, 0.82301672892407263, 0.70764557596079158, 0.68993004690039339, 0.61179838010686949, 0.36516884157579732, 0.8910293179903741, 0.99383225620231475, 0.65563784247183621, 0.78195512688561242, 0.61326175064816002, 0.92897582339290519, 0.20335865418289525, 0.69974799906736618, 0.82378714671553721, 0.76112504744487608, 0.58772648287643137, 0.82560231794964001, 0.90818657875942932, 0.87710290843098215, 0.58986611945014222, 0.67897610423660071, 0.12039817377791856, 0.93380424605828616, 0.73095382131450715, 0.80184061613640467, 0.92145640494103453, 0.94505510066181064, 0.19079543995014908, 0.80734777344393061, 0.68508757933355857, 0.5769438226355903, 0.95208504068631161, 0.69086843449022772, 0.42254694642394602, 0.96832879628780233, 0.88192592560048488, 0.51222869254674586, 0.069163297175822772, 0.65296663194592242, 0.23251106319303835, 0.99401564283347021, 0.71357021632761153, 0.7519943514284293, 0.36630105142803449, 0.77022242755337611, 0.97463200262274596, 0.94233532424402056, 0.72605428591850174, 0.35190367553454693, 0.7515628437467945, 0.64652610954168654, 0.29514149467561024, 0.871721206430221, 0.4976790246979263, 0.68882333199605383, 0.30430756560688127, 0.99128451905153614, 0.20392662012429735, 0.99867620707559657, 0.87747544726005577, 0.93105353146233916, 0.13272624008232323, 0.97590062620111884, 0.79933194057546653, 0.59033065828977882, 0.50123338534726336, 0.62235095447868716, 0.65900971530449393, 0.36866002236984913, 0.62931791461620079, 0.41305046430539183, 0.31755880478539017, 0.98434947413880491, 0.48350662531765304, 0.77839898520410333, 0.75550348282162116, 0.99007109593516029, 0.37334009745615798, 0.21467196794331825, 0.9251042064211058, 0.23900191496380924, 0.56281093119247572, 0.71140964701699572, 0.44435304528354497, 0.1712983115610146, 0.9736978697767561, 0.069508604997144466, 0.32890788620972267, 0.78300994927516665, 0.83560700546288114, 0.98806142205514158, 0.92039994737596065, 0.37532802645924185, 0.17231352253746191, 0.82908393095756772, 0.34838717089146309, 0.58316777350013083, 0.5419084730039504, 0.79822809351234125, 0.86243367962140238, 0.30496891506521356, 0.20333080715406252, 0.27488950258894201, 0.8979732945843637, 0.88824672227477075, 0.013747131868714863, 0.23018503159306017, 0.92169365183581875, 0.18869574795784314, 0.1639574466726639, 0.58075754620531495, 0.994502417491404, 0.56356585684022109, 0.55225658011663659, 0.65338108059009847, 0.77591073651354991, 0.91692651708098838, 0.68264955978697039, 0.80960737359576784, 0.86090278986645474, 0.63763143671331057, 0.27594272763936079, 0.14735664481829247, 0.76351586015876116, 0.32118930951278341, 0.67630387905581257, 0.99149400248704378, 0.39961276677568774, 0.53915118648691951, 0.49549022241682239, 0.89722801588413659, 0.88435997964373203, 0.73924219151305226, 0.75400571487920531, 0.92641534326030339, 0.96546111067761453, 0.70596721507057003, 0.34116218498191569, 0.44615338060302623, 0.84663508807136467, 0.108288293107886, 0.51168976351353856, 0.42423733922822282, 0.86357856978971914, 0.62493911149645298, 0.76329748042401535, 0.90730503775507021, 0.63274342403989392, 0.83758583548481325, 0.64773994402152146, 0.33587790620216029, 0.49636163809706613, 0.69647992137337289, 0.76838922722764846, 0.86381384586485666, 0.69183947001786394, 0.88682750728869753, 0.90871923783509345, 0.40268809895495156, 0.82998088157390304, 0.83879741488403259, 0.8296094218816854, 0.57273203020147068, 0.96316747785374957, 0.64765202911708142, 0.91636442201480295, 0.94992581338761306, 0.64124782699254201, 0.33175453085461937, 0.86007501964883881, 0.26910326298873177, 0.021318691853036469, 0.4380034445964881, 0.15389065605768754, 0.35833752491376647, 0.28060727307269834, 0.90393797817890287, 0.91701775141519026, 0.67903771777641375, 0.98190225370717032, 0.45041312567011393, 0.91528720401400687, 0.43035064003235718, 0.77456492348773298]
Median: 0.6656656034855974
IQR Low: 0.244133761535402, IQR High: 0.19258162107909227

Raw data JS masses: [0.12054437638736164, 0.30349041949910172, 0.55230131376115932, 0.3713180717712305, 0.14071156364750162, 0.26468275685539439, 1.4674311174639447, 0.38972468386747011, 0.1638993325947643, 0.8474004463301289, 0.5341937012712018, 1.3044920533386231, 0.15636449517042014, 3.3253754394730142, 0.8051071920819951, 0.72726856062944767, 0.21233778805316536, 0.11203004025512953, 1.0525391699917723, 0.097642694153586174, 2.7926540782602007, 1.7530831959559103, 0.64933818524827236, 1.8110114526830716, 0.37662217623356392, 0.092303511841035288, 0.31890972546634078, 2.049970764394752, 0.25564080887711954, 0.28520294174618771, 0.44788853478492047, 2.0266557254471329, 0.60794841155963175, 0.25550054380485993, 0.18462703564489838, 0.3738327802952911, 0.1386497192626954, 0.093761744609933376, 0.27766289783334147, 0.16331891118029243, 0.43949605499337357, 0.32645924313383456, 0.2602474141538641, 0.93643824834340561, 0.46067083913519086, 0.32839332031267837, 0.54412327176542885, 22.297629189870847, 0.14427784179452752, 0.18914678695980905, 0.35592930021870656, 0.28923334919308513, 0.41571088013473179, 0.62674804250836302, 1.9780168791361941, 0.84514359786507209, 1.0376969621981222, 0.40914709280046974, 0.15032931392158061, 0.63787250279971996, 0.12122286655461152, 0.56603991104118678, 0.28469665892654322, 0.17465933501623226, 0.14686802786183553, 0.31950086159636271, 0.16758991542253446, 0.28963922614031062, 0.22116720257313482, 0.51886411732019144, 0.16599446583356561, 0.49337623026536853, 0.15153475849135853, 0.21214284656783813, 0.40463697050373165, 0.35419009357333325, 1.3767219871313772, 0.15301270024052993, 0.66860563826866071, 0.62548289456430117, 0.13817988140612775, 0.52238562939526079, 0.38108746743908084, 0.33482530166393576, 0.36661865749701883, 0.98472304930737831, 0.28700683229681384, 3.8530139914914656, 0.31465749345461042, 0.9332674398310512, 0.28255155773381174, 0.35420113014757543, 0.47535209849163884, 0.68378241907976234, 0.09436002220618997, 2.5894705304022874, 1.1644618787430239, 0.29667781629342616, 0.48331055644524784, 1.9959077077253216, 0.50119099529628297, 0.11819557709363508, 0.40547933417319609, 1.4449587165146074, 0.14909523383129208, 0.25540796261207405, 0.17324476789501722, 0.15301373210877356, 1.3777043715235773, 0.15121551320374063, 0.64682224416582879, 0.20680068028225182, 0.49680634636054022, 0.48901158981839915, 0.17128583485432897, 0.12126495668950536, 0.60394010521446972, 0.23634449072137373, 0.10601935740810702, 0.14537348637600728, 0.2006813523965236, 0.21655763316968218, 0.79815720280961588, 0.31342741680451974, 0.9714575798454701, 0.79620951977537624, 0.55916621004494471, 0.29440492606072716, 0.80751644043046478, 1.3694376208952508, 0.29401237261433505, 7.8453012888930145, 0.27158248927931267, 0.10533379641133954, 0.16150023516890677, 2.3028429803628772, 0.38523770598534723, 0.23843329019024631, 0.11365778318931745, 0.63876414439216056, 0.81437601635125623, 0.77801089041263982, 1.0928718798680837, 0.19553295150035666, 0.29114748314851202, 0.33095719488026026, 1.1848057732408088, 0.67300297909914686, 0.81872299073072652, 0.32764833744824562, 0.55425934814322653, 1.1616433665805577, 0.44898112572165799, 0.11331717930572566, 0.16721506901858491, 0.13277267585522215, 0.65025938437446063, 2.4625512685195075, 0.68344947092378849, 0.19733068317850652, 0.58720280955267423, 1.212811270406511, 0.95842715251781929, 0.25682287584158403, 0.31462871579561691, 0.1438576075352116, 0.74448996896126229, 0.54545905506211723, 0.19579092834544048, 0.40471504920680501, 0.76777713637663836, 0.74032888066047753, 0.18424292674170747, 2.9903341251670077, 0.41143493971010253, 0.23792347020108121, 0.25597856144207243, 1.3547974386185557, 3.3008915593264234, 0.44461262615659969, 0.30154712447984172, 0.13678017158537409, 0.24059622483716545, 0.14786671486527495, 1.8138467613285267, 0.12616233081806305, 0.50618030621497212, 0.31226675929599707, 0.71868965906935056, 0.73168533346245224, 0.14041993166637393, 0.9057423693680916, 0.34304248147099403, 0.62966220058478939, 0.17892246714388352, 2.3993653618184285, 0.13988487458827095, 0.22761178778162486, 1.1157211846499442, 0.45832684001511237, 0.11042106306127158, 0.75855571914755893, 0.45363922025458747, 1.4041046691919654, 0.57312617755965245, 2.5371740857046543, 0.35707694084137426, 0.30508661213079669, 0.15387822346364299, 0.15851706952162228, 0.23535147312871821, 0.39496474918500657, 0.18755374407473832, 0.56608843129831576, 0.11453173109916492, 0.45899954552201383, 0.63370010120274012, 0.46909601493214681, 0.40975854426098973, 0.61179786710208006, 0.56163949478317088, 0.59735710080252302, 0.32296899154234976, 0.24141100999101894, 0.43570756831397445, 1.1686920511468923, 0.13554421997853047, 0.20106141734712685, 0.72851409177283277, 0.14027423518469176, 0.74453083403882214, 0.094908742644574245, 0.64876338891636021, 0.87499106465285681, 0.29260796420294349, 0.20016854176306245, 0.48669438446184504, 0.59539467773795429, 0.23059583980426362, 2.7620524156453166, 0.11753608894433515, 0.28991421326019634, 1.0732696125357515, 0.22740737628851646, 1.1140940237346937, 0.78584226573111182, 0.63919998220625462, 0.22944069145614818, 0.59079114666322641, 0.32958625594642854, 0.12888169037661598, 0.47129910932602215, 0.37692747348609712, 0.27979553918119393, 0.16403402181852855, 0.32700822540822955, 0.13529761872518367, 0.26241845530707758, 0.12709143213610832, 1.294669747056765, 0.7501874902357929, 0.91754282937028109, 0.64760232485459479, 0.36883905477536177, 0.32157716155847749, 0.46438988040176105, 0.53145010454899488, 0.21675767666067033]
Median: 0.38316258671221404
IQR Low: 0.17087353403038047, IQR High: 0.33767179774716083

Raw data N>2 Populations: [3 4]
Median: 3.5
IQR Low: 0.25, IQR High: 0.25


===============================
System Type & Avg. Detections:[['JuMBOs', 'JuMBOs', 'JuMBOs', 'star'], 0.10000000000000001]
[['JuMBOs', 'JuMBOs', 'star'], 0.5]
[['JuMBOs', 'star', 'star'], 0.29999999999999999]
[['star', 'star', 'star'], 2.0499999999999998]
[['star', 'star', 'star', 'star'], 0.050000000000000003]
