Raw data JuMBO Systs: [  7.  17.  19.  15.  16.  17.  27.  12.  11.  15.]
Median: 15.5
IQR Low: 2.75, IQR High: 1.5
Med. Survival Rate: 0.05740740740740741

Raw data New JuMBOs: [  7.  17.  19.  15.  16.  17.  27.  12.  11.   0.]
Median: 15.5
IQR Low: 4.25, IQR High: 1.5

Raw data SS Systs: [ 140.  138.  176.  161.  128.  154.  182.  150.  200.  156.]
Median: 155.0
IQR Low: 12.5, IQR High: 17.25

Raw data JS Systs: [ 12.   8.  17.  11.  16.  15.  19.  14.  26.  16.]
Median: 15.5
IQR Low: 3.0, IQR High: 1.25

Raw data JS Semi-major: [408.02857240965261, 363.40533899607919, 151.02925827912622, 991.85692469349863, 276.54290908094055, 241.39818555007835, 239.50366770495469, 148.61771676782675, 889.6912128252884, 345.40470998869233, 204.65773122392946, 696.80688102434885, 82.726181502926309, 971.20608990369522, 235.14873134408413, 206.5753035455204, 784.00524805313069, 309.49192468303949, 188.05313458192896, 48.091997086605446, 625.57917670969516, 544.06208141659181, 809.62496037115363, 983.50802910583263, 571.40974653309922, 334.10107720357189, 802.98066040523793, 378.575705592573, 450.83611937803039, 64.363971013268781, 632.25297902727084, 229.68059159848752, 412.06824964717157, 101.28367009302029, 810.47846233978964, 211.07183766658227, 198.24763401578568, 522.94205480375899, 475.90327929655854, 710.66762580852799, 281.72167657301981, 644.99375349504714, 178.57777927064703, 106.20873124273666, 312.23346186791514, 758.18730750036514, 159.77962279213446, 603.32421194609265, 31.930548616711704, 826.77672401479083, 568.05907946799039, 725.99969529362966, 787.33603476368069, 317.58254886662996, 476.09461207148786, 459.01376682154938, 200.17233672303087, 281.07772658033588, 836.57147175421369, 602.13093694514851, 81.015298843034472, 695.50758081884794, 806.53478863350495, 207.84094668148632, 639.45680584058528, 993.19043967403343, 581.235549780376, 375.34053286454258, 417.31842492595729, 777.73704323331981, 249.05468336387824, 361.61068969023927, 152.95458263410472, 524.10237462392627, 249.1821347881955, 550.82804747223577, 779.52763742214279, 451.69773424368987, 99.751659222124644, 776.1369380138716, 437.08968250914529, 690.6527585468483, 295.24500833095777, 597.58734017865163, 151.49302296110795, 53.167012622273518, 289.85266878691823, 152.1686888686441, 521.6285937042793, 507.59301863561734, 314.54585853084507, 312.46120654274665, 131.50947685804852, 285.73183462021018, 75.209395224194068, 921.14624031424353, 296.54572228366726, 256.98323550552857, 899.6190365850631, 587.93182926875318, 113.4863713471, 846.20810907962777, 792.6825161482426, 990.81944586829161, 772.11144534926768, 383.23934700781598, 267.52968662732269, 403.99719687587816, 128.34871950159229, 391.68912654542424, 87.653010636716161, 350.33102382281999, 813.31658707306531, 996.19268140703628, 324.92305526030316, 208.21526713632014, 959.7766085675496, 978.91377416972318, 347.09832086576819, 780.20214942455345, 205.96460153109652, 655.92080814607152, 210.74429957950503, 619.06082390071629, 672.77966290643576, 580.75461915019798, 908.9579945667582, 942.61015185977772, 158.99021195921759, 677.2882804170755, 173.13401405997604, 125.13181386991072, 541.40206467237863, 377.80780882781477, 429.29329729736145, 863.34074607075786, 851.93732422817413, 862.54413939500444, 45.161979119339989, 266.82478740798746, 195.68868791461432, 910.47350678290218, 923.7946793046068, 160.56289086193627, 386.87187444456282, 722.84433528305783, 529.21486185898584, 943.89339039331958, 994.30670292184084, 258.19422111513273, 355.96145203342019, 254.76680093166803, 722.5229178107935, 470.62471539198117]
Median: 414.69333728656443
IQR Low: 178.45587185226265, IQR High: 308.0706436284273

Raw data JS Eccentricity: [0.46217398214562372, 0.80192968100702244, 0.5725814542612031, 0.5896333332064716, 0.85939536880655287, 0.82309413025960299, 0.32004325544651324, 0.90089571990443928, 0.85630710552811884, 0.62846311797570409, 0.68747934113774745, 0.75998584486230281, 0.71627181213138114, 0.58033548220067788, 0.87820846266750274, 0.95857972377632439, 0.25951666367756593, 0.51521936630158616, 0.6302576376626261, 0.60702371259889032, 0.86973656368730634, 0.61581997215184547, 0.96389521772285136, 0.46475139093033985, 0.67898737442672963, 0.70080731084871661, 0.33603552789244323, 0.60418555473207691, 0.44512763418886542, 0.24168393089727144, 0.54090456906385809, 0.78741190533623184, 0.2888509302146145, 0.51245288084515439, 0.26772343179674318, 0.74629694744162234, 0.8492272382293915, 0.36791952902865421, 0.79262342544730069, 0.48922623031990059, 0.80711356856559935, 0.66222269700428238, 0.13988441376760952, 0.68589726533042894, 0.20987573963846107, 0.1505895362423996, 0.99640709879851508, 0.64860108475243716, 0.53597520739478721, 0.6594570638319166, 0.63710543953553245, 0.92772771868878423, 0.80241170588873867, 0.73123175534552942, 0.59077111256048886, 0.94977196938824116, 0.43881635628597188, 0.31577109561121391, 0.83124892619571655, 0.88819406049227656, 0.93259399705487622, 0.25083820775308208, 0.7992260917374211, 0.90963157585938015, 0.33912852683125977, 0.39817314445449142, 0.98542405247981701, 0.70965810810261165, 0.59369351228385314, 0.61826978138776745, 0.96457513172113685, 0.96254310034440471, 0.80182376472431793, 0.63444746314674128, 0.88085353801488475, 0.75748669246347755, 0.8412660419270408, 0.7314570516196458, 0.61354317259649682, 0.64784354009142531, 0.87391075761449533, 0.51064184571340732, 0.92554297958456311, 0.44669425437898197, 0.67447663467337204, 0.12307560525811599, 0.41070325081030368, 0.93205825951089905, 0.88686296191317049, 0.8933391358291094, 0.77408844294786716, 0.81655602986553166, 0.98992998497102147, 0.25657288918343379, 0.06716622919933278, 0.90116244972498971, 0.30193635417830561, 0.21337878417050665, 0.84961763304035642, 0.30710507001252957, 0.5862409335262122, 0.54986182538418893, 0.44027447701376099, 0.88849217792165824, 0.80372577398646194, 0.64943087414679357, 0.30122165743719309, 0.87295481902148908, 0.6918538688885506, 0.9200247423473904, 0.87928718334348444, 0.32658381907831036, 0.25044362696754197, 0.33466102383901036, 0.59547731514959767, 0.051790907454151491, 0.74473409960070736, 0.82334385304211721, 0.25618984257892957, 0.47973032498222196, 0.95695797247266445, 0.85756137894295126, 0.75030301800962473, 0.43509148559478106, 0.32807110383389132, 0.7534503286671056, 0.89466359450537858, 0.75518320872672329, 0.60697679726126863, 0.74189112276864111, 0.4676301336952336, 0.39922397424072958, 0.074632710226603893, 0.94959708595284797, 0.53830798184572348, 0.19175894797333876, 0.52772409975389067, 0.58071067305819124, 0.92745089320410212, 0.81301653524294737, 0.55683496345780148, 0.79743321460016436, 0.7184977850295563, 0.99395379178900956, 0.95138040893290765, 0.62470745646876535, 0.3432488181117927, 0.95859361926339604, 0.47196241643373715, 0.65569930737617022, 0.63973445756261427, 0.97167183891743047, 0.78123603089931315, 0.62278814428966245]
Median: 0.6575781856040435
IQR Low: 0.19210710898248018, IQR High: 0.18965875354976036

Raw data JS masses: [0.14664973721684044, 0.2696566133452985, 0.86682914087592267, 1.0223772945058613, 0.9863870412321013, 0.44667591207687996, 0.25996339536311386, 0.29372015377320948, 1.7755649109230196, 0.23434815823940988, 0.16276064703653773, 0.33160243275979301, 0.23924335743173103, 0.60625472038172468, 0.10932794284877073, 0.69167926151710135, 0.11347404422870108, 0.47689499852824407, 0.85559499667239447, 0.24380322995637643, 0.17708863887239623, 0.40342097367497448, 0.11243649918491616, 0.23984633788207488, 1.4877472236463474, 1.3483893554751516, 0.75216436374710971, 4.8288188349906784, 3.3999503395017374, 0.64664111104818722, 1.0612553084607859, 0.71464549665129307, 0.27362825580458616, 0.23491258579512883, 0.24358448625326934, 0.15780633792284951, 0.3995617844559014, 0.10795359546315905, 24.591731026022874, 1.1335396246631488, 3.6969378303306106, 1.712701061623729, 3.3062999444838863, 0.32533427865835296, 0.092312762116365618, 0.26384375848276648, 0.22626388602645556, 12.031928758281554, 0.32559759512288211, 0.44899521483292898, 0.1234963287051003, 0.54786437337580418, 1.2030588832048104, 0.30410582567181382, 0.80683856648304353, 0.21099063249396247, 1.7193821797912783, 0.41234462670179123, 0.35491428767495792, 0.50417941729396309, 0.090091884117591114, 2.4886022876594227, 28.531127523581549, 5.6506385539940922, 1.8765265244252034, 0.52244713237913054, 0.14994188997076976, 0.3212394342679849, 0.11814835173161568, 0.61516606009002373, 0.15384773517896258, 0.6525110686990554, 0.48166858488652103, 0.1849204272355463, 0.1159590166445503, 0.55188566450874377, 0.62656329762367036, 0.52499706714314709, 0.95944560552619018, 0.15587803690189578, 3.2045178390791826, 0.33664507585566866, 1.1507752077541449, 0.1258897132952376, 1.5425321580353761, 0.1599119677046186, 0.72929897203845184, 1.0674907879948752, 1.0592433292354499, 0.12240382109893476, 0.22332134340935861, 0.50643392823062061, 0.2471889371014975, 0.12591425276107324, 0.16582097932004256, 0.65789855171570666, 0.7598794320738318, 0.10161150823451127, 0.27355553281005413, 0.47699762691428749, 0.13167990149265191, 0.20690626993572467, 0.1459310935636072, 0.19068476851467198, 0.18888148805843585, 1.7140587716939049, 0.24952171660417546, 0.16772952307386335, 0.23921684411750679, 0.24123308642969396, 0.18414175976345307, 1.3665843147868344, 0.4587435151150992, 0.093927129285162253, 0.64964447174178741, 1.1957239364717189, 1.110462133904472, 0.47287604735557748, 0.48269778033028343, 2.3046388348794413, 0.11994323020450724, 0.36690972199349636, 0.1330222546180338, 0.28364324394654883, 0.16696741226268966, 0.33568905199699484, 0.51090684989570168, 0.42127225483156083, 0.2942988353622088, 22.339198358801202, 0.98491980858184347, 0.84219062942074507, 0.19233237178316029, 0.10148542260193515, 0.38354365468286872, 0.26326742462329389, 6.1333255461196394, 0.28794014966076442, 1.003972889098629, 11.102396742174957, 0.37783120821491772, 0.096442693263001714, 1.337364405820193, 0.43500245773834784, 0.15292832294246045, 0.2801839445111593, 0.10535835012467124, 0.43218323601066932, 0.30178508536010118, 0.44984639875252969, 1.4238218076971518, 0.10830588227861929, 0.33323587443547031, 1.241099790526931]
Median: 0.3915527195693851
IQR Low: 0.1955768732480837, IQR High: 0.5447387697942382

Raw data N>2 Populations: [3 4 5 6 7 8]
Median: 5.5
IQR Low: 1.25, IQR High: 1.25


===============================
System Type & Avg. Detections:[['JuMBOs', 'JuMBOs', 'JuMBOs'], 0.10000000000000001]
[['JuMBOs', 'JuMBOs', 'JuMBOs', 'JuMBOs', 'star'], 0.10000000000000001]
[['JuMBOs', 'JuMBOs', 'JuMBOs', 'star'], 0.29999999999999999]
[['JuMBOs', 'JuMBOs', 'star'], 2.2000000000000002]
[['JuMBOs', 'JuMBOs', 'star', 'star'], 0.90000000000000002]
[['JuMBOs', 'JuMBOs', 'star', 'star', 'star'], 0.5]
[['JuMBOs', 'star', 'star'], 5.5999999999999996]
[['JuMBOs', 'star', 'star', 'star'], 1.7]
[['JuMBOs', 'star', 'star', 'star', 'star'], 0.5]
[['JuMBOs', 'star', 'star', 'star', 'star', 'star', 'star'], 0.29999999999999999]
[['JuMBOs', 'star', 'star', 'star', 'star', 'star', 'star', 'star'], 0.10000000000000001]
[['star', 'star', 'star'], 35.100000000000001]
[['star', 'star', 'star', 'star'], 10.800000000000001]
[['star', 'star', 'star', 'star', 'star'], 1.1000000000000001]
[['star', 'star', 'star', 'star', 'star', 'star'], 0.20000000000000001]
