Raw data JuMBO Systs: [ 6.  7.  7.  6.  6.  6.  7.  6.  3.  1.]
Median: 6.0
IQR Low: 0.0, IQR High: 0.75
Med. Survival Rate: 0.03

Raw data New JuMBOs: [ 1.  0.  0.  0.  0.  0.  0.  0.  0.  0.]
Median: 0.0
IQR Low: 0.0, IQR High: 0.0

Raw data SS Systs: [ 110.  126.  105.   84.   80.   94.   82.  100.   81.   82.]
Median: 89.0
IQR Low: 7.0, IQR High: 14.75

Raw data JS Systs: [ 8.  7.  5.  5.  5.  3.  1.  7.  4.  4.]
Median: 5.0
IQR Low: 1.0, IQR High: 1.5

Raw data JS Semi-major: [226.63111380050384, 388.22918880887249, 421.34890263184872, 685.37856789082059, 325.03991966710873, 834.94369759099675, 682.41659103527024, 260.11257015420722, 823.18306633220095, 303.05978958219009, 95.307318094574129, 499.36109208816043, 58.80150611393649, 306.04495249228927, 269.31939814880445, 146.97452014102242, 645.57587778321431, 525.72121284950663, 579.39972564341292, 362.47066317472195, 525.21740673475222, 155.93728697911882, 595.7278356598697, 259.44876469198562, 521.08978334808785, 641.848128503672, 310.76349919277635, 458.08168782108669, 728.53250914621026, 612.19792396509354, 85.601711512803675, 108.85475935335589, 919.47536373512992, 63.823574331091486, 275.70087124239615, 155.14906618919463, 67.385239614708738, 643.77096178287786, 200.88052730697285, 815.87704316112411, 138.3514960727849, 647.90703443482801, 225.56329327543295, 196.36771271288177, 523.88053435083475, 195.95409390860013, 259.04775844946448, 355.2504144915747, 167.27619670872627]
Median: 325.03991966710873
IQR Low: 128.67220695422697, IQR High: 270.68791599276096

Raw data JS Eccentricity: [0.66143938572605443, 0.73014015977757807, 0.29428836878787934, 0.098429679398123554, 0.84402504349839136, 0.23833825301877182, 0.12972203157064252, 0.53032426383286924, 0.31886371449861506, 0.50335402162588549, 0.60591339022222446, 0.90791933349315734, 0.67966393892647292, 0.56447487611498137, 0.62285589523397089, 0.93009595470048756, 0.9530317828040199, 0.47507648178637579, 0.66453354441303825, 0.88881464358535822, 0.72299159601394369, 0.56644136536667733, 0.72557882722610356, 0.91294027185420779, 0.81631110456767952, 0.94771346921612476, 0.96062022884897891, 0.12336941647038287, 0.47680642192097605, 0.39349200434892928, 0.3478565827036974, 0.29501482564393783, 0.31881777030902086, 0.58632581686864838, 0.93594477838406098, 0.91152392468455445, 0.30054230105652779, 0.84695990834175672, 0.31300742366715428, 0.86322093621550389, 0.5346360632583026, 0.63618138179758355, 0.17226002851346733, 0.48876267925666039, 0.79175681010514931, 0.74139417703760835, 0.5535855790443639, 0.45994146238872374, 0.95640877064863505]
Median: 0.6059133902222245
IQR Low: 0.21242138587329518, IQR High: 0.2381116532761669

Raw data JS masses: [0.093788086700040255, 0.58495211307769501, 0.10395150919792456, 0.77755154631683665, 0.30490858140585592, 1.1598298784104342, 0.7427102145261123, 1.0439723212731049, 1.718296492307571, 0.26370267819743354, 0.75649479276388099, 0.32617311635535384, 0.26452235943061214, 0.10332304024867416, 0.10518747261734623, 0.64601283545900245, 0.75106832905696086, 0.18900978323401701, 0.40537916724056899, 0.56943447468374686, 0.43923658118086617, 0.32702992129971953, 0.37228855580893133, 0.12072405473569306, 0.39170361840660273, 0.14800338197737689, 0.43707411706932531, 0.16554776356000772, 0.20195132741467015, 1.3291501925055724, 1.1097427621786176, 0.59898729670819451, 0.83320958376132748, 0.39552335650761677, 0.49563054890679498, 0.33008510650295131, 0.39070325462772576, 0.60026761353784719, 0.1028428934831906, 0.47596229579879806, 0.12776479907970051, 0.12098064608299283, 0.50097011529009605, 0.96746048708662569, 1.1078411059684521, 0.10543664521697671, 0.97276234505783166, 0.26792396971127791, 0.60969395708352658]
Median: 0.405379167240569
IQR Low: 0.20342783982589885, IQR High: 0.3373310472855433

Raw data N>2 Populations: [3]
Median: 3.0
IQR Low: 0.0, IQR High: 0.0


===============================
System Type & Avg. Detections:['star', 5.0999999999999996]
