Raw data JuMBO Systs: [ 20.  50.  63.  20.  61.  36.  55.  36.  20.  36.  66.  56.  35.  30.  53.
  39.  32.  32.  58.  37.]
Median: 36.5
IQR Low: 4.5, IQR High: 18.75
Med. Survival Rate: 0.073

Raw data New JuMBOs: [ 1.  1.  3.  0.  3.  2.  1.  0.  1.  0.  0.  1.  3.  0.  3.  1.  0.  1.
  2.  2.]
Median: 1.0
IQR Low: 1.0, IQR High: 1.0

Raw data SS Systs: [ 141.  132.  137.  120.  151.  132.  135.  131.  124.  126.  127.  136.
  141.  136.  113.  153.  116.  136.  138.  153.]
Median: 135.5
IQR Low: 8.75, IQR High: 3.25

Raw data JS Systs: [ 24.  40.  35.  22.  30.  30.  29.  22.  26.  34.  31.  37.  30.  20.  30.
  28.  34.  26.  19.  23.]
Median: 29.5
IQR Low: 5.75, IQR High: 2.25

Raw data JS Semi-major: [507.83151182113255, 15.840226110799639, 622.2034030218764, 413.78649048592769, 731.13459921583274, 777.43873003552153, 959.79505357330777, 546.24598264388783, 334.4866612320447, 326.91412453574162, 22.40173202058126, 676.22849762351518, 937.22639126486183, 917.98237262916177, 692.42995333033809, 606.0926993392776, 930.57922727494463, 599.62430178270336, 906.54694663975476, 261.20622134904272, 322.77698636851591, 804.8018334200093, 611.1634308418254, 727.60991753316046, 504.20313316951552, 747.93203302892823, 734.96355170420941, 818.21980274527323, 747.79369612492962, 227.32688866998205, 539.53580627314932, 965.65540255921144, 670.0249446076416, 974.65380716760308, 120.46042849044136, 131.07566399615652, 387.71235405047912, 563.83685110825718, 724.10124408578031, 650.68654648372694, 922.42889736093377, 379.88694841459329, 364.82743616313201, 372.53429255086388, 377.1325691176641, 907.54439012381749, 880.85658974304624, 734.28536868159165, 781.40877848906871, 304.78287847461144, 997.46236422374284, 633.13630030864215, 606.42518602836083, 670.4651786679683, 180.67811832363537, 237.71619380201935, 308.24479403240099, 684.8873526958447, 401.36038183040478, 610.43033875777598, 185.72852273234184, 667.15029746359619, 560.09531594181499, 408.13890294584922, 646.89724386920591, 736.52074801928484, 889.4907105610481, 345.05233331854851, 830.25628022323247, 738.38105652689069, 736.24759462978227, 960.78467918684794, 980.21673633083753, 372.19678702543092, 833.88506578221109, 470.94522657334608, 976.05531404355656, 780.95789743420107, 929.9405202799544, 959.28763863226663, 645.75228000398238, 232.4463463707568, 500.43124057584987, 687.89574873685126, 662.37174206820316, 329.23134654839237, 731.29384843734385, 658.79251422631887, 612.1564843255461, 906.97860275126061, 450.53380517933533, 858.39393415607424, 575.50662745062721, 416.6919396943083, 499.45492987622794, 615.41169913329065, 729.28694495983677, 760.73729212936939, 782.99816238965832, 515.63529358461403, 654.25926650598592, 854.72137304716819, 994.32336121909918, 411.20926059508554, 297.67484058141724, 768.94393556284774, 273.82647663864765, 781.27458104074435, 250.8276670230043, 465.25629832861216, 565.83367895381548, 509.08801762882649, 307.29976156999334, 977.83709257815747, 915.2153360699117, 641.85090902259981, 824.6908138427807, 640.8629574383973, 986.21609733131822, 826.0915707735395, 820.91215021002938, 614.25463922959239, 841.73343378251127, 341.115987433177, 795.53648397530355, 323.6064075793592, 935.84964944865726, 756.34370970429586, 983.67385752028576, 638.44026671474342, 224.75088665886636, 850.25290590155419, 839.93693281877472, 783.96171072025572, 411.701364273134, 488.12596702956245, 926.94466118499781, 137.77710357334107, 588.83843169909983, 508.53148174882932, 149.40645923340034, 628.47403308054027, 567.27987219179863, 893.55959427875132, 762.95432072147219, 849.49499876981122, 378.35897706811994, 515.77568432035889, 283.58739732748415, 62.794400205214195, 824.62828093043038, 622.87994396306703, 462.90925012235357, 210.74185716812198, 248.43467105072429, 976.87206846734364, 782.70796313024209, 204.20427848635956, 387.96357165180518, 639.47847122065366, 398.44543774551283, 438.98443293296583, 885.12292753766815, 219.9560647180954, 494.47713307997981, 925.25067982447683, 197.30378839411955, 345.81404383068514, 660.70549538565012, 549.91251021454627, 212.54675782220875, 949.40976515131638, 328.88012116272898, 415.37374145414208, 263.83764904952528, 353.91033481760974, 575.10798407318123, 789.81734552395858, 605.26036265253401, 445.06164669503539, 135.31692134375513, 613.48020121590071, 942.55396521419721, 892.57247641754589, 783.68945836747059, 528.33891320159046, 422.64061444383964, 185.14248874975269, 748.01334739771301, 858.05502499363308, 256.83337523463592, 897.79423590531133, 730.14659743298773, 455.71021321407159, 818.33403808913249, 241.46251573255068, 226.17938486107585, 184.39206614404421, 138.4405740453648, 514.17059290768873, 165.22003238358786, 870.32174971721099, 702.84925073887666, 610.8528137336923, 924.77406569217749, 268.25628356971572, 929.12547528875848, 506.12478713279569, 739.4735387763626, 258.19484038791472, 411.76755757489281, 990.61801165148006, 907.94699151434043, 828.34600043714261, 744.74226562986928, 651.29394453479551, 661.86023508595906, 868.70739477251038, 514.08886956097263, 362.92715067052643, 397.65890111723303, 974.00005022983692, 209.74615306351836, 845.45705344394037, 402.24730958514851, 513.83112953109628, 780.21687988419046, 914.73475479608044, 805.2486367832779, 467.92558172600195, 919.46006699141662, 448.81627784911103, 571.55254359116839, 804.61056477182092, 721.69281257599062, 690.20890631946963, 300.35953350631917, 166.52351515807226, 717.29167477679425, 560.09228842015114, 207.08160251322857, 265.81620870755802, 977.57094353796322, 759.33568023439454, 859.98994845573623, 857.98929282867175, 842.77982267863445, 903.57697650925638, 154.32904128867236, 557.96170302737619, 182.73524106586243, 276.98817800240028, 666.75475296637114, 158.56972926750157, 224.38991825032673, 829.14096168368633, 946.39053272254637, 396.63309442201506, 808.51059025473717, 871.59322214095175, 250.78023928438915, 826.6709246631832, 380.92306403588668, 684.27450210811833, 305.46680702945713, 485.62152608572598, 843.11422396269541, 699.56542727454803, 773.74973292647246, 798.75871152008688, 337.59079163126762, 709.61000323835469, 750.60617299381499, 67.797190158853198, 769.38881253449847, 910.51081222571599, 951.06129198771987, 723.55464351325838, 203.12453749415221, 396.50281966954356, 687.20477505198266, 550.4544027453785, 707.05769405094418, 773.89028974088785, 198.99348994476236, 201.38497869999469, 133.87582657926788, 298.55243257414111, 669.03766005050727, 848.41087043407151, 759.68559426319598, 867.61521587459936, 304.39487140627358, 941.71762636645735, 293.74099628995009, 862.97515237554069, 812.04754976101344, 844.50662827974509, 298.36220426732973, 987.54104209018033, 814.06639830021197, 756.50157897582073, 674.90999313196266, 873.82344781742927, 448.46658841315991, 872.33664744635928, 180.36557533492731, 990.64204253738399, 859.25345654965702, 595.48901749602248, 443.31014449036564, 244.69552742653556, 133.17012624135708, 662.68480164512141, 537.3918837668873, 469.43001362701341, 676.41351425386063, 448.52398395047493, 690.94995204138581, 839.22725074098435, 881.02241530692936, 729.93697656492407, 878.81838971129821, 622.10031554177931, 162.59164850271452, 603.04234098414418, 753.3221689434846, 703.16602583335919, 931.49663693324487, 415.09966063657527, 635.38498341552963, 612.63287464781433, 777.9355829375728, 988.0167260059153, 333.87524299748378, 305.02872014305751, 934.46275843589444, 761.59024104992181, 621.35438719079161, 955.28513443398265, 227.01034995506194, 245.70373160470129, 726.8806862251846, 983.26991211021016, 508.58651009843578, 386.74879587010048, 844.6196143502475, 567.41504418527802, 344.94247488811146, 759.78347253312302, 382.99574053038282, 993.29869905739656, 387.93514094268778, 751.43049938904971, 831.12604990605496, 909.06901105046722, 938.52037122701131, 110.22895095145032, 912.55484684121029, 303.16647643345249, 285.74932396061456, 150.01609705076893, 780.25827529927983, 488.70812768975543, 773.49243076030029, 744.47805926963349, 660.35245011738732, 91.569385248293358, 918.37215806093002, 572.8009878200794, 734.91105383460285, 323.96706717346859, 641.41109482327749, 905.14512117288746, 397.49036790456103, 457.19795336770204, 891.36483144950955, 549.9793526640899, 997.48463311296848, 375.70906127964133, 47.196457689755725, 460.72457948364274, 866.35864352740953, 892.86772216564566, 485.54167674467021, 733.93353088338358, 108.18910524012092, 164.35375745454559, 392.32534710211371, 416.09878732020951, 984.38407926682544, 987.7389384123619, 838.74371608714989, 895.20438883499924, 762.94731588773868, 742.08676672907779, 219.14130110775187, 354.91419975091662, 481.44095188124254, 972.81583126236364, 430.51720811702938, 788.63734415249758, 488.56643574096455, 259.30083013837674, 312.09577343745434, 920.55247672121163, 469.26303618748784, 929.51248944857491, 422.46439384885707, 632.93467787878296, 949.84640602276352, 134.0875888436432, 676.53448258790365, 700.59613261717709, 708.19576839490878, 773.73837377333575, 385.87471514839388, 673.90993667240411, 499.5944172453307, 733.18710171319935, 381.20344071734775, 171.62208135638505, 819.9109995128382, 777.33330617322247, 492.76690253616925, 322.44913710830588, 700.44501470378998, 204.63496007396733, 848.76342570012139, 929.25243772903798, 879.35141667180949, 572.14770278087826, 598.44448760025568, 277.78889713512177, 501.53414488765219, 456.24661343746254, 952.5554948106045, 427.57526311076089, 797.3152352295931, 816.12241336395391, 968.51824989862871, 73.58807544278676, 61.080786825388088, 640.2992145515351, 527.46307492111976, 971.16189510999016, 393.29055797242427, 982.50818813801357, 604.76113475490649, 922.42684058548684, 261.08008445254393, 667.31440441469806, 696.55882673053407, 803.57994809049717, 900.07804291027094, 320.72541600109645, 448.23414068004155, 796.36357859329689, 673.40012973828414, 76.675589625093579, 733.99195510266134, 874.00843485491293, 301.29316444370698, 503.3717978602844, 761.7371681456317, 525.17155989695163, 192.77152047829458, 936.26442452733795, 591.25416314060931, 579.70643531002668, 812.31411551864039, 744.99077727808583, 586.13051489777797, 783.29775652552701, 872.56100737586439, 953.79786256803914, 954.69773545609166, 969.40582853097317, 86.450076289932696, 915.87693678701748, 362.43313188729138, 701.44824578095233, 144.90349037505766, 221.61946406445242, 823.87070944637503, 296.34182990606951, 701.57602760725899, 889.38854121561269, 503.24068144102796, 515.71370205195876, 221.76581168356182, 826.39640998174025, 972.66552756611418, 836.07432449240639, 955.51909731058367, 95.768501732710433, 713.57033020335575, 671.03492440478283, 294.55475488429875, 516.76668661240183, 621.81971139463701, 494.00435334241143, 812.67483103030543, 976.35093906067141, 349.44481764688015, 148.10584807722216, 440.61072009468978, 375.03171914364947, 975.43045087021039, 529.53912398271166, 296.71469883693811, 758.85303071649673, 736.45020552503308, 387.02655396521129, 652.29634223051221, 654.45972730084929, 422.63142446133605, 900.40855158724798, 226.38756657441871, 659.36882148580924, 314.63647082810576, 960.34669721833495, 423.83088137065812, 993.06326278980566, 231.15595629323079, 712.77962211655051, 275.62359502349477, 794.13716239820508, 947.49858780309194, 830.37201919486643, 648.93569239528256, 892.29251451907112, 304.20562388108885, 202.21268469206987, 319.72934776273991, 929.75073587519853, 675.4212257861326, 448.84320441652432, 212.39365544507081, 600.7481927446388, 754.39154538995956, 391.77909211842291, 728.65772133827659, 579.86680948134665, 568.36542258203792, 652.1662529243207, 393.56049322822338, 972.03491847870635, 693.57124790227067, 594.28063625548486, 452.76560529959562, 461.38482936611314, 752.4999697364392, 427.87039326175039, 849.94693045227712, 539.06373275702288, 588.33439235548144, 84.808905492662916, 909.68039232305409, 657.95436163062004, 589.66934031258756, 476.5749385165783, 455.08494981518544, 629.1285783716113, 424.41887319974063, 668.31780746849256, 297.63620215233033, 222.74119863312677, 150.62085395803601, 421.71958001888862]
Median: 636.9126250651366
IQR Low: 249.1445742916053, IQR High: 181.39285418803115

Raw data JS Eccentricity: [0.26700384137535177, 0.56417641461880375, 0.52902550416230587, 0.34938497523064926, 0.51278298837617375, 0.80190589397328471, 0.98230184229266149, 0.89692569384578102, 0.94667053684658087, 0.7013014269704595, 0.87865170902803147, 0.88444385284557947, 0.11070066009452767, 0.18176436670076429, 0.71341829897433728, 0.99802984182130583, 0.16200800104848787, 0.70167032130119089, 0.97418695927290444, 0.50946784842827608, 0.43091490843774327, 0.89090618584622039, 0.28260586961346201, 0.70428967879282589, 0.079114937015141384, 0.33916709915036475, 0.27444917572258848, 0.40497230169642423, 0.60719140727687315, 0.73447626700632429, 0.97179076511315798, 0.80230385196379717, 0.94214157537928456, 0.75845269697396156, 0.58816697736091939, 0.35062758928342735, 0.97778479814643982, 0.94115972805147097, 0.64097660889713493, 0.96083150849475296, 0.71570486106488163, 0.65888036821853357, 0.81505711109028789, 0.019624375737182703, 0.78758275019296375, 0.9676137856256809, 0.6786128747056096, 0.77456296196373031, 0.8395201649083629, 0.75021144791686001, 0.80958452111723533, 0.98366375890005409, 0.91475943960189554, 0.78796749231558327, 0.77397584697874744, 0.48472727779226865, 0.53181223499602504, 0.50606498522720167, 0.76180916614405314, 0.74937232792054487, 0.77368193356453674, 0.19145223101643224, 0.33023721356723562, 0.97416914308876457, 0.99476120482500718, 0.97146798712951987, 0.95367165924939368, 0.71281221652869031, 0.71425417187553697, 0.94935224122596229, 0.80244568763400514, 0.45236660186887834, 0.99450221586047827, 0.48198357759596144, 0.72612900831453908, 0.7864076647239, 0.70595174831658991, 0.85493598230754653, 0.96869889325155423, 0.90752085156126927, 0.6806925972063349, 0.48214064530120876, 0.93554020260351989, 0.067919050426159019, 0.38620482142776219, 0.92942637466844524, 0.82228399059600055, 0.89562004384614058, 0.42737227005810358, 0.76111139658456872, 0.84776350464004624, 0.88090564136464489, 0.66139326416410671, 0.96841088005800524, 0.99451577098015298, 0.90968125645255971, 0.98225614963287844, 0.87111512863381613, 0.88506233541219315, 0.83776474530898426, 0.99135960680388957, 0.99209032923986329, 0.82463557967798318, 0.82863219176413017, 0.40593700431591972, 0.56915289625513765, 0.71924225170290801, 0.41170651789809132, 0.78469567734628176, 0.81694006068969138, 0.99553286330856772, 0.88886462118531162, 0.68648930587858736, 0.65037974486172101, 0.98372677107868201, 0.94505609309796446, 0.7044363944199481, 0.33519241535289951, 0.55008591249517402, 0.69466007735864665, 0.48366804269586616, 0.90212042455782415, 0.47975108869235622, 0.56528350797870752, 0.913163586142822, 0.52390943378311894, 0.77790322779354015, 0.98057083289229741, 0.82315721940063136, 0.99098178266059878, 0.79523566451120531, 0.062908693850882672, 0.63177859137729653, 0.56056300724964336, 0.50520977970305792, 0.67130154934293795, 0.85071547532369252, 0.7106053960554245, 0.50420338964521172, 0.7474410691697525, 0.867834658506353, 0.19156220800526674, 0.59340004751108155, 0.96941786105811678, 0.69615047310941292, 0.96679529829634858, 0.62225536418248417, 0.64491031434570745, 0.29629926410785151, 0.73377543747310658, 0.83455603185007943, 0.99594535494341929, 0.87314382813729441, 0.61712365999178942, 0.45837251442526084, 0.74913636662498295, 0.73173019100359349, 0.91886249985527901, 0.59278151337189466, 0.36977358069843808, 0.86278478541142278, 0.99882583530087721, 0.44732568212532836, 0.89401606652221655, 0.93023803273887995, 0.49757822896591714, 0.97012066212116543, 0.98482623432513872, 0.49865414677755371, 0.61535376708670186, 0.65123564304868009, 0.83594012860649602, 0.10542868268854673, 0.46161937901209382, 0.70212314963029543, 0.077723612696546221, 0.5499813221548131, 0.89414923435283311, 0.78531476207349038, 0.69866613612033635, 0.92062814538295756, 0.95530278113594402, 0.62808005199221129, 0.73144524776059106, 0.87664177993471315, 0.74366222216437827, 0.93894944214839382, 0.66203559217887598, 0.76241974332397378, 0.60137200793187273, 0.82375821697387086, 0.80220389381163637, 0.84728257271796503, 0.3190791864925106, 0.97513836078186911, 0.88754801958195417, 0.76926248940874009, 0.4281683450933233, 0.30414718839940402, 0.71702997753116349, 0.88605889098272594, 0.89750228188809245, 0.91016704500579104, 0.86697010901351224, 0.94353655933017055, 0.78493935699861572, 0.90653050588856787, 0.3722590970105018, 0.75620801064616994, 0.92564349091619735, 0.53711343018869151, 0.41278413843218265, 0.63754768864812317, 0.6504953178401498, 0.63755986376693474, 0.73089776714227717, 0.67759912509277842, 0.75381416095250753, 0.56734518701581493, 0.40737108450262427, 0.95728638504540087, 0.47406146510771174, 0.75987815379952706, 0.71581893447200395, 0.90727474477223713, 0.58946388492131152, 0.72999486417035131, 0.87236735541253263, 0.403137243056641, 0.88755315996341255, 0.84693502050918112, 0.26503239896168129, 0.99074097817951268, 0.54285255509361496, 0.60681757566873662, 0.30479910682988753, 0.86083741602419483, 0.89494447699412061, 0.64064257741853947, 0.51451685250808155, 0.87481567568686835, 0.85967766380018162, 0.99293587846438869, 0.37395846178618897, 0.6406360190123912, 0.90730772969067686, 0.59518182215418136, 0.58179423543083408, 0.23001814705662615, 0.97887572218236008, 0.11198002836425369, 0.98478763207521414, 0.97036229793487383, 0.97099653732627222, 0.83465250455307438, 0.87644297807951366, 0.77158684182098503, 0.82080596328645961, 0.65888446188374139, 0.91966156837438884, 0.54837703609425781, 0.94469770650085205, 0.48301728397991778, 0.77872228917456832, 0.88090374611313216, 0.6508953697409009, 0.92261194893571841, 0.65311627125187011, 0.79865680990833221, 0.68692881690508656, 0.99533968233045844, 0.98152454690718793, 0.41262355738635254, 0.6179749705436608, 0.90712879942593327, 0.79043070196016418, 0.87725808390241211, 0.559574558657431, 0.53809159225895131, 0.91576716149394954, 0.57489539306849691, 0.65774771752129257, 0.70796377803918598, 0.77450914178228358, 0.98243805532095074, 0.2925307837335927, 0.61005085920039481, 0.93152659225689882, 0.50549201385360509, 0.58496967859391114, 0.84690507494418021, 0.94999190162650704, 0.99686947271937509, 0.89181894883948054, 0.99375042374646272, 0.95026923984426925, 0.96939861662841154, 0.81429846838698094, 0.66197317462266891, 0.80660097858496871, 0.77791170359191941, 0.8050505392218148, 0.89930879536876762, 0.94777612691472535, 0.5015388660274912, 0.85083082296701562, 0.94488543009795423, 0.98287469481991008, 0.28009889062181564, 0.84622249504130365, 0.94801085030013965, 0.67640717082712587, 0.69025615699213794, 0.60019193191678555, 0.49012106883727696, 0.61528770273478151, 0.84918322446537176, 0.82153704389440618, 0.8383508646194604, 0.95269997483901292, 0.9245429760204934, 0.7676750374842003, 0.92275937458729507, 0.74340821705258198, 0.3365661583736731, 0.92975414600624295, 0.73536962031601627, 0.772329734257587, 0.569039212815869, 0.57603949797364795, 0.92187970267794728, 0.73599286655714891, 0.69168687407918261, 0.58569067318684442, 0.87909481029830205, 0.30972451831041081, 0.92459191813520836, 0.61396172149538886, 0.80236089212280504, 0.99951765723174646, 0.98633515386915072, 0.70419836594950247, 0.72943208637088119, 0.66918289472991166, 0.91869100569489492, 0.3428791927697013, 0.78137002951460377, 0.17883222212147251, 0.6693578399341219, 0.84905740320973078, 0.60650621449887554, 0.7845407518355092, 0.70811635430034625, 0.84406440302467889, 0.85829923238118455, 0.22976995785651466, 0.99786168994513091, 0.91543760642945982, 0.72227528083700288, 0.46600758251177155, 0.53743079717026054, 0.88187651274920076, 0.81294000493413721, 0.45873975473699791, 0.93634228087578497, 0.89516106670944939, 0.29392485663581674, 0.72202729289346457, 0.99747581978669764, 0.68780042645896988, 0.8831142765048472, 0.91431143394875602, 0.53704224180920868, 0.82999781186653598, 0.6154863636215604, 0.9198084891602919, 0.14516164843940371, 0.91160010175190098, 0.28917738159182083, 0.89086671378794935, 0.33385667313113709, 0.50714206297069919, 0.67374676033332714, 0.52908876422550133, 0.58899800269260871, 0.24363585292486195, 0.60793354710887182, 0.7824981915138508, 0.94874593154859233, 0.98961020544561229, 0.30404441491299, 0.33499625603595307, 0.90111972576952548, 0.86826013458098672, 0.88614679884664249, 0.86165074957165122, 0.84003841613315977, 0.75298363337834617, 0.53719794485884098, 0.23847585471095797, 0.75923964649715103, 0.30518998355552074, 0.98219224448704423, 0.94878818021549383, 0.66528300998667889, 0.87117820659193534, 0.65246318675077142, 0.41998608647509539, 0.64909361576660896, 0.78989646427713933, 0.85793278805046602, 0.58393837778546864, 0.84143933959139705, 0.77486306413751294, 0.73409612795399004, 0.26467052672640101, 0.3847097350370508, 0.95564298296858263, 0.84753954069869664, 0.85542510399131688, 0.91476107319834499, 0.35451915183692401, 0.97473220713586417, 0.83623542664779593, 0.87695543159908307, 0.88993749291430291, 0.9733173514190917, 0.50133035357293299, 0.78084389718355551, 0.81263886173508715, 0.81793519973947482, 0.77800522607976996, 0.67070172103517689, 0.20691568126138152, 0.95808356537898165, 0.91943824685771003, 0.68287452428279305, 0.91017509242841643, 0.78940422219445838, 0.76777682104695899, 0.81414408705178376, 0.45049054889088919, 0.67275451567817024, 0.81035788480464099, 0.49800964274238907, 0.98392751569834991, 0.34915324662593938, 0.85861897254269937, 0.93254584843175614, 0.64959758616833929, 0.79756458406329089, 0.45941361479137166, 0.28260472455038649, 0.83819426899173022, 0.71118054738256453, 0.88155015883699306, 0.84276157723730616, 0.95674727456360931, 0.65441015597061081, 0.55193903446869252, 0.78392884217258918, 0.26361843323204681, 0.70540319830009823, 0.89339265948186486, 0.89577189030073445, 0.64166495756635245, 0.58599437532375365, 0.7140688716366268, 0.90051639772806724, 0.67390855216136536, 0.9756695053309965, 0.85328094436132707, 0.70628966047037633, 0.40710135762864286, 0.64465766096877652, 0.8256029888901053, 0.97435468953150284, 0.74492679644624504, 0.98974728092085174, 0.58603313811338364, 0.45480667719885659, 0.93571113530428618, 0.39955552053418941, 0.73465707547994608, 0.16524511084909765, 0.85330581910164616, 0.43388258330679164, 0.83792175266286106, 0.92698073477636433, 0.74129276799744614, 0.44783363461379033, 0.78648633103846355, 0.65402308262708508, 0.73092345923754598, 0.93348406299488496, 0.94119008547067839, 0.73932384557024367, 0.85063503582372779, 0.56955158715587872, 0.55562632187343486, 0.56831592380215812, 0.52338818383396846, 0.95020085983017311, 0.65051389730634546, 0.40228906776513301, 0.87322411319702253, 0.94800784633733026, 0.44543898143596339, 0.86392320612379248, 0.7344419103276858, 0.98847504347503423, 0.89708731462416835, 0.57355549832163344, 0.80380045444089299, 0.98791011932194817, 0.65864594312843028, 0.82376834165031465, 0.26619481499322295, 0.54629528530878246, 0.43576868352683501, 0.82234354632387296, 0.77044425295378127, 0.041982803251886601, 0.75895277255714955, 0.4730554110671441, 0.16127343945961525, 0.74600302965716569, 0.57406267415174006, 0.66084549121388081, 0.6807822717359997, 0.5643735031015128, 0.88876912335094138, 0.93783218192005458, 0.59376836509106568, 0.7530903010544957, 0.53992538294831094, 0.62892097840305228, 0.79670379096457944, 0.88873712110357939, 0.943047637846127, 0.44264431370741025, 0.65199654261035922, 0.51939770408955765, 0.76438971281527046, 0.37168047936581822, 0.95812863674928317, 0.76521474093524611, 0.61900069760360743, 0.95040923883641215, 0.5912784671736494, 0.71795568284892985, 0.88988216576975687, 0.91642940450186339, 0.86598951967713245, 0.78389721144184066, 0.80326289424007991, 0.98692008446521684, 0.60700652706222002, 0.82138698738030236, 0.97235110764393351, 0.93307845697051806, 0.93855688099554913, 0.65935261420081148, 0.97654327952546427, 0.76852524480613171, 0.88397359929093589, 0.18122279096942776, 0.67962822668685796, 0.89269062614842243, 0.79255682827129259]
Median: 0.7621144547340135
IQR Low: 0.17978418371452076, IQR High: 0.13035825208717344

Raw data JS masses: [0.18180486615482244, 0.097160875197577892, 0.66472934857041865, 0.56348545963962404, 0.16892891993085318, 0.12078626470796067, 0.88451975046423481, 0.29713880193413861, 1.0200553511175203, 0.13244453699132194, 0.19007757338633041, 0.19191734533110411, 0.83766005475958205, 0.47034578513968073, 0.64986310251518908, 0.49391400455955059, 0.16011629771478628, 1.2098891313755642, 0.22360542479744133, 0.13355851265995458, 3.9348280980125372, 1.3338270571672934, 0.26762474804439035, 0.29767273658854748, 0.25008833256519708, 0.18225632213531023, 0.096218263749873773, 6.3410539045067233, 0.94924968458662007, 0.13708184539534149, 0.93238152583984168, 0.44309753521137069, 0.26218439865105564, 0.33336668164643607, 0.34880883370690791, 0.96635960036356083, 0.19659040882492657, 0.37721794060018837, 0.38507770939316199, 0.5442634121429567, 0.37723573298766039, 1.0504060267588655, 0.69917676965190778, 1.123816472064846, 0.1033267874486536, 0.18623374567326428, 0.44282847906279549, 0.10637009045252868, 6.2251217656456284, 0.13090409299375738, 0.24184488211377048, 0.094373742752649425, 0.78204146834078148, 0.52828617993232774, 0.23084869122148735, 0.28207818399643514, 0.12733641549206301, 1.4690000910520051, 0.095423217091531551, 0.19125470408380826, 0.19408180909726763, 0.19238416812631273, 0.92964930246044741, 0.2870988461280965, 0.13613175606029745, 2.7987874520384151, 0.13404434362077117, 0.36603361524353334, 0.33488899121909715, 0.095830991662592235, 5.6725762443536585, 0.4640819570095539, 0.10069376084407235, 0.4223510934747523, 3.7309125287233731, 0.12831240427364168, 1.4700749661275265, 0.13285842987975205, 0.14744519368557751, 0.23540511887448659, 0.40515676565906344, 0.72845170946559279, 1.3623111543676965, 1.1301016154621231, 0.14033236397821519, 0.33048333062136176, 0.19466731112594909, 0.44185753581423182, 0.4383479672157311, 11.143224960211965, 0.62542506382057561, 1.4569031147352742, 0.72742380147526065, 0.49961940028831103, 2.1536636243829896, 6.2599825600118573, 0.45489429648143237, 0.15507951620832591, 0.67898991261252117, 0.14783649669647608, 0.21339584465051947, 1.4826398812864876, 1.6271375733183195, 0.31646733173016339, 0.1789169409033296, 3.2661271885887664, 1.1219023311389622, 0.37024905088242532, 0.13745096781910815, 0.17955575746388969, 0.12362342970889659, 0.4024800762201568, 0.12403897437636889, 0.5664773970011211, 4.6567907244883679, 0.37965486371724944, 0.86914482979241892, 1.3298301862995023, 0.69684145663960062, 1.6866181670569858, 0.1677016754061447, 1.5958136723243503, 0.67444768098265495, 0.21736176042515129, 5.4728336273082876, 5.4079539907340273, 0.34097949226962432, 0.24547610016982394, 0.10545488547073607, 0.23356309086124377, 0.097452278967405728, 8.2867804012521784, 0.70286598784475218, 4.4452834066542941, 0.5644658521705751, 0.22891264169170378, 0.15661731989446165, 0.25095942414243572, 0.26977742112796277, 0.16000671805647471, 0.45576633881852491, 0.13039860939733383, 0.12555072585776003, 1.6839798967181163, 0.1913750376328871, 0.94767775927556064, 0.98611175425567388, 0.15487194743757388, 0.13898484610831774, 0.50769154327967103, 0.30308407422705269, 0.39232416974449813, 0.394120556105235, 1.3497788877685908, 0.36344926815926304, 0.25595196084526212, 0.19564737439262347, 11.481657395645961, 0.5646875465336838, 10.824771202429448, 0.39668445551320913, 2.9356119297706802, 0.79088293486678951, 0.44155944171378908, 0.23158413843380074, 2.3818197729639374, 3.0832909446741419, 1.8306281648151577, 0.26896010579669849, 0.42402602991731664, 0.70603576162189463, 0.58642343153504528, 0.15526751206922323, 1.103325067058214, 1.137374132750135, 0.15409550534485711, 0.47665698084390812, 1.20095557207231, 0.52427316398573831, 0.50336592045155104, 0.11129063061207352, 0.56902615017962355, 3.1436477109916532, 0.52602705232472091, 0.39706515815324889, 0.15245042960602839, 0.78235126332742144, 1.3144169087592281, 5.2734918957308654, 0.330735805362183, 0.80012948508576964, 4.0765853838870036, 2.9174860819744906, 1.2933522858945621, 0.13299233871469701, 0.13415173725069612, 0.80935828238870067, 0.35033498177695449, 0.6739446785195693, 0.20891228942222617, 0.17666801762928461, 0.19079043546729579, 7.7301666090728052, 0.75115732398978574, 0.39031150138928261, 0.63054250565821801, 0.56241319563643943, 0.88734924362741485, 28.131526343712128, 6.6072870591854524, 0.66200678857753004, 3.610960896829233, 0.99095783558714401, 0.76872012192516315, 0.2821241438702326, 0.5699517726544534, 0.71508290032141775, 0.93579262727169243, 0.24587094042008606, 5.6121612410116191, 0.17879700990770828, 1.4491195790563103, 0.39439222369424043, 0.98588017224973123, 0.25572773425531414, 0.3979137913884403, 20.053588451628364, 0.50186188957747058, 1.5839324560804313, 0.53283228246870418, 0.34755107968178434, 18.329660109744847, 8.0732646482454058, 0.18310368327294757, 0.16634906708005648, 0.57890429754527595, 7.1086599820795673, 0.22721224221483649, 0.24889113069067156, 0.40235578350715007, 0.36649257252680484, 0.66816448970154907, 4.9694863823389452, 2.7728295863483075, 2.742266819155514, 27.922489709412943, 0.19067924685268672, 0.68159040914505031, 0.25844893772785316, 0.16017474463686349, 2.1743897544817687, 0.13241623634410257, 0.48904185183059362, 2.6100807417504095, 0.55792328067227226, 1.085124237881528, 0.25758986025116487, 0.85957821904683951, 0.10143945722541876, 0.11143145628572568, 12.347409168861768, 0.1426052186305132, 0.38110473595474803, 0.099317069930806898, 0.67078632794321624, 0.47022204292129466, 0.22014843969152234, 0.24352314192704411, 0.23187099662982011, 0.56828376187670526, 0.82800032596283124, 0.5456508796270847, 10.18801286530285, 0.18699337440907568, 0.12143091218929436, 2.9162529451063102, 0.59882675427359933, 0.095751901779585327, 0.11976177124108892, 0.12883536159396136, 0.20028278367107341, 2.2198160325442782, 9.4577193431928617, 1.5498699584794202, 0.15497276146444797, 0.48328576261607709, 1.0083864815021768, 0.40046443607555615, 5.3589256986555975, 0.51493474014370366, 0.31043391927409514, 0.19877544090268381, 0.14912413536068697, 0.41240684526412658, 0.9554199278165475, 0.12142695147482388, 0.31662956917409624, 0.38438703835317212, 0.10163825840527632, 0.86275567872835224, 0.22489041812056604, 0.81983423933474409, 10.755328652525337, 0.57621329002354815, 0.16684273368878594, 0.77357280179983468, 0.18697900619271712, 0.31174570750788999, 1.0664977123923431, 0.27831031354277352, 1.0708417289925616, 0.12232821393811134, 0.83012897138331465, 0.76943594476603971, 0.16708439715874429, 0.92514993155943748, 0.34113120725030682, 0.50263096164805332, 0.19618523158066992, 0.96948423869955269, 1.282879095173473, 0.45257510431895298, 1.3439002278963685, 9.5872104981796546, 3.3454933681135555, 0.10454649327805703, 5.7829184581496991, 1.1388667276054258, 7.0148683018390221, 0.20040159708852298, 7.8383123846477281, 1.1679542937007974, 0.2900817430774143, 0.48923399856121863, 0.3415060201286283, 0.64156988575808183, 6.6970212727510727, 0.79031558394868551, 0.19047748372627785, 0.47663958728526823, 0.35487914259715475, 2.2541510872840962, 0.68235395600146531, 0.44034536008514713, 0.11878605611595308, 3.6930654922939397, 0.45322953787577741, 0.11413065659061064, 0.22358754526110974, 0.12380451283266911, 0.5675762391000807, 0.37013736877332365, 1.4732854292961317, 0.13334057459414628, 6.2218282152432964, 0.92492437381535375, 0.27755412232370585, 0.60820748710333128, 0.77369711260524088, 0.51866741135187544, 0.21679239080627793, 0.12656074373208639, 0.36554048214890289, 2.3204644176273401, 1.7807568530294557, 0.10839059244191694, 0.26608434313195034, 0.39986907506574421, 0.35534817126092905, 0.4893570079848793, 0.68567290113644375, 0.55832077354666654, 0.19265112432552506, 0.42412616549309323, 0.37973133733792414, 0.70472523444499413, 6.4739001925333275, 1.6607172216370591, 0.21746017857016853, 0.66318597256720146, 1.1310727800105411, 0.29350963694290821, 0.63994251313667294, 11.11302173281079, 0.22590394884774631, 2.2252362851385721, 0.17778642390354005, 0.53421935014228739, 0.21000346196214417, 9.7421286820311241, 0.5884172925373804, 0.19649634935876276, 0.18814288406561472, 0.11570837251587522, 0.094098500555628989, 4.1009086835374111, 0.81316190118223453, 1.8391964800697778, 9.1834770571734268, 0.13424849806435527, 2.1485620556299119, 0.12087886316596619, 0.46160593730062344, 0.82110307973172469, 0.77271754637944634, 0.38715756272885749, 0.1081218720450729, 0.93151548077513813, 0.46033902965817391, 13.24574140835823, 0.61977614066465248, 0.39297484240740904, 1.0475294831330286, 0.44646879621468899, 0.89901031929518271, 0.40066389905534472, 0.85454478001745271, 0.42997547541826614, 0.25609752778509481, 1.9408501076466236, 2.4607129675808377, 0.5684787384194967, 0.6001379455812168, 2.6610554585790149, 0.23744626242047104, 0.43699269415862674, 0.14997178390842153, 4.2250424221995893, 0.42966535596272604, 0.15008458250089105, 0.10416930409698434, 0.20177421729220241, 0.64902655489900363, 0.41919702277015969, 0.34469148623016743, 0.7829312458766704, 0.17496307662510843, 0.42141723280628735, 0.88318015252501858, 1.2559662150508146, 0.13890528783298914, 0.97387531502509417, 0.14756131968484346, 0.11609302991213692, 1.8089930829046073, 0.10006054105130371, 0.14839154857154949, 0.77376626693718453, 0.1929159063283874, 0.90296641190481153, 0.2205172410042319, 0.36099825157156529, 0.43723919059638444, 1.7170103897486042, 0.2519838165375865, 0.50517414064652899, 0.43993159210858102, 0.5131390044500499, 1.9321427218575697, 0.3493784029603641, 0.24974631746020942, 1.4452313720222987, 0.23915934262230806, 0.23278785172347222, 2.2775457933572079, 2.1160319076438303, 0.23099510180165195, 0.2357330524594955, 0.38098633547090377, 1.0622500824079353, 7.9653388936774725, 0.63044215946536653, 0.24322719226116127, 0.94863166863443982, 0.29435456962010903, 0.26898956279144148, 0.60077480525042248, 0.24281907822033941, 0.2943467726699196, 1.109616570736053, 1.1758371496361579, 0.11166103359547064, 0.20647654367780194, 0.10826415792569244, 0.37333146747726459, 2.2069373724282846, 0.51075572227725496, 0.51899487172692327, 1.7833255088286144, 2.4671956447037933, 0.14536197395227313, 0.18408770377540687, 0.097038556448570304, 0.22514007205558914, 0.69252738840601147, 0.49773045750393574, 2.9551219322764739, 0.29930658760165746, 1.2030068131970841, 0.46219116843716501, 0.58770944402586178, 0.27304694406745139, 0.39292163399214453, 0.67001396390753487, 0.33853730283115663, 0.45638884360987891, 0.46519932432622935, 6.0121571251497778, 0.11889093135039576, 0.19290187456209054, 1.1032979923969262, 0.35558636500936996, 1.3613064433038855, 1.2864417978721585, 0.23237294460376889, 0.31491897659771051, 0.4918216606693781, 5.2668567246614977, 1.955681789344146, 0.89480050496569608, 1.2594126728506232, 0.12942691554258959, 0.17168351027259277, 0.42550499342857917, 0.13510510363287376, 4.5352177951191051, 0.33265812227248842, 0.45620195616624443, 5.5310620811140128, 0.22745690034209701, 2.1186704257284279, 1.2011412272477955, 12.433253215629104, 0.21641453967597521, 2.1363693396662859, 0.39871234078733198, 27.025359817936721, 0.8107767432192694, 0.23182939584273224, 0.1613592762018739, 0.15947152330918729, 1.4068281862520848, 0.12452213587575005, 1.1024703944774596, 0.17162379362140165, 0.11675880843085019, 0.11260240546310143, 0.72119105717818766, 0.58190382635418669, 0.15406625198995438, 0.91138171358825026, 0.51831744020886295, 7.1018579875530836, 3.7353453957748846, 0.56843085826165751, 0.1070349181343383, 10.239876519467686, 0.17812042346679, 0.1349516996396912, 0.15046859157955833, 0.25289687770403596, 7.3143495435588042, 0.21275978622658331, 0.46868081601436867, 2.2452528784803025, 0.52736846810723104, 1.3415897289669034, 1.3727723331507278, 0.17151686610246863, 0.98956222858314458]
Median: 0.46189855286889425
IQR Low: 0.24451218790748866, IQR High: 0.6035372520273469

Raw data N>2 Populations: [3 4 5]
Median: 4.0
IQR Low: 0.5, IQR High: 0.5


===============================
System Type & Avg. Detections:[['JuMBOs', 'JuMBOs', 'JuMBOs'], 0.29999999999999999]
[['JuMBOs', 'JuMBOs', 'JuMBOs', 'star'], 0.25]
[['JuMBOs', 'JuMBOs', 'star'], 2.75]
[['JuMBOs', 'JuMBOs', 'star', 'star'], 0.40000000000000002]
[['JuMBOs', 'star', 'star'], 3.4500000000000002]
[['JuMBOs', 'star', 'star', 'star'], 0.55000000000000004]
[['star', 'star', 'star'], 11.75]
[['star', 'star', 'star', 'star'], 1.1000000000000001]
[['star', 'star', 'star', 'star', 'star'], 0.10000000000000001]
