Raw data JuMBO Systs: [ 243.  117.  188.  155.  176.]
Median: 176.0
IQR Low: 21.0, IQR High: 12.0
Med. Survival Rate: 0.352

Raw data New JuMBOs: [ 12.   9.  14.   6.  13.]
Median: 12.0
IQR Low: 3.0, IQR High: 1.0

Raw data SS Systs: [ 234.  153.  230.  189.  249.]
Median: 230.0
IQR Low: 41.0, IQR High: 4.0

Raw data JS Systs: [ 103.   67.   93.   85.   91.]
Median: 91.0
IQR Low: 6.0, IQR High: 2.0

Raw data JS Semi-major: [418.51467851498774, 417.2269696396088, 489.9348191992342, 564.82870517181459, 545.5872909569888, 551.67460625115336, 626.22786119690602, 843.03222992195003, 574.69277644081808, 670.09457386991232, 437.21179282494711, 635.31881011568464, 560.86845516715789, 866.82116762851069, 445.41517990010783, 699.85370173054969, 838.63107330640571, 508.5704214140132, 690.37376850875614, 544.22421909517095, 841.5841407869359, 603.36686906078194, 501.61958221006699, 517.82757749691029, 609.83776650736331, 519.44011896466611, 398.48464181965312, 546.26739642179461, 611.30581090433918, 531.38524950589829, 795.30000785958305, 533.89439456750404, 594.00516229925358, 848.94270851427552, 944.30827357443786, 495.50055382375393, 359.40892569016324, 715.35733747027462, 683.95553116558165, 933.69626912576723, 825.98674919248208, 473.01885810696712, 742.00311716712463, 351.27026255030023, 972.44109061278755, 689.02798514144376, 357.10625688672218, 637.34556357918325, 509.61347710334991, 917.62432731814283, 446.39999332952061, 564.43000817873974, 640.20253047584879, 81.441010680657399, 893.71316083763509, 768.22884081085738, 856.87828224274142, 333.67145594540921, 803.55148063713898, 764.92983098228467, 984.3462583805084, 728.90613909794104, 655.68998710442895, 773.52753421771081, 430.61397870679036, 848.19146540981228, 366.84527394057363, 683.8021354094235, 530.10030182930552, 603.5876316497621, 882.17048865308948, 572.95974760770218, 605.40635890914814, 715.75914825169377, 469.07536370954074, 976.28732036155054, 598.96149902341847, 448.71679295724016, 637.26346030632828, 841.48449179510806, 509.46653494023622, 839.0223314167024, 382.70824767936455, 735.95699323170606, 810.98860583384919, 526.11574765556111, 623.24846467540317, 525.29861652258251, 671.96444602903728, 598.84547401719942, 349.19613154506965, 931.6094283760267, 659.68886324709126, 401.8047976822678, 876.88901165681864, 477.15134501201965, 279.5645776123763, 545.07240545602963, 856.59462808280671, 739.58055073519461, 430.20740630577961, 498.78578156745556, 395.47084340312387, 410.6835505625146, 578.7641478806745, 748.10154681317294, 944.6217798917811, 660.77529625146951, 697.47362530128964, 513.49142246229462, 417.66369169998103, 935.16506780765008, 769.6422338971073, 730.24888726703716, 961.88360415404702, 683.63031339552776, 352.69040339795561, 928.26702701458362, 998.77524759667801, 541.53070808270968, 501.23026102268358, 799.98185019684274, 432.77543794405705, 595.64844881329316, 322.50703446843613, 884.31173359266666, 435.76439927174749, 843.25014934510295, 906.51116963370987, 939.33535133269652, 530.90102180148119, 916.11014723180051, 442.7789854483695, 572.57396684815558, 838.88553874304353, 591.61719446129428, 666.14945006229459, 996.52237157792638, 550.03590597724894, 706.84348013605984, 354.92212679279709, 582.13673150422426, 879.78800373563081, 542.1093039744369, 700.9546858003348, 953.24958385199625, 777.42165912429937, 660.83993382368556, 863.00346109587554, 893.5930066701419, 692.98250479161118, 566.81193542115375, 816.33299404083641, 630.14076183960731, 511.51690117736797, 318.85223188905462, 598.79448504006155, 620.93134603108967, 667.5597176445018, 614.09278673848883, 769.15120035299753, 397.5471911455262, 461.33016136707107, 844.46644464998803, 451.96916254435149, 452.29178707716102, 919.23144247201196, 680.27083846837149, 679.08452948537558, 799.54947222355793, 430.01475835095601, 821.85758024357688, 797.58939217880004, 741.13490645183128, 567.98526528683942, 358.05265543907211, 662.07981986815162, 416.26031621398039, 635.34759376522788, 517.70893662235608, 700.99906178559706, 513.88081049594746, 920.66039248828247, 395.55584033632914, 604.06257679654755, 465.24906690715159, 615.19712252542547, 772.37612683454654, 666.53289590201484, 940.36542459788518, 625.63487947998465, 448.41323764278332, 449.67265793946689, 567.02246693969141, 794.87915090855142, 539.63165527428021, 999.94721673953791, 399.87653432244241, 698.64523195650725, 580.584205342725, 644.09146617410397, 396.6599557669449, 776.41146700243894, 526.90636135064801, 488.19371568346997, 568.68874722764428, 870.35027074800314, 851.39564048060993, 568.03109062648332, 802.90047876618451, 676.82878069687933, 757.77149732926546, 568.59425790196667, 743.47794176132402, 814.01089080493603, 700.37813713449077, 639.33906600890896, 746.89559359630755, 614.88565632724317, 545.57916631953128, 780.69324567097101, 642.39874879713216, 592.5977880304082, 490.85594696878792, 464.94510888717411, 738.23314627605816, 716.48240002227078, 523.32874598019316, 597.96282244688666, 465.60516701469243, 382.66878255975348, 722.44062978985949, 352.42066089362532, 970.82983632828552, 511.37293019227923, 905.66978077459612, 525.79175466089919, 708.18606890970989, 800.60750727025322, 915.23117602929938, 820.69165763191131, 812.85832860096104, 505.47141740588052, 554.69877828656229, 731.80134973177508, 693.0124560379337, 424.03110155916676, 747.69738863220437, 786.65660116756897, 680.29699759869004, 633.34170309775823, 769.95402598202168, 425.24840919054543, 300.91882326456778, 464.21012401615002, 911.50983723557022, 837.64590008352548, 776.32246434194735, 959.69045778659847, 392.90128434829438, 968.5519121385222, 149.89963580495206, 434.28959926870255, 866.93770514471339, 602.51027164661059, 807.12129186696325, 990.42679777930459, 683.68705445030116, 570.50301273340722, 694.95882732040707, 657.67030951690651, 633.63233176686617, 542.39529649759834, 333.1207935112912, 711.61432162461449, 509.75186256117183, 703.98759051804041, 599.97746261874454, 798.44094700592711, 949.91804897303768, 453.36528751703378, 957.29656046903074, 753.04094119078695, 537.68621240412142, 890.63215759918967, 635.01315374982664, 744.31502044403555, 914.55663680333862, 765.0583510171391, 428.39399644286163, 485.66450544302035, 813.4721420731338, 474.92242203469254, 756.29280241161746, 335.84452877528389, 707.69018257661378, 853.9458417540485, 628.419663362606, 965.04011833876291, 753.96851348772998, 766.11905266780582, 588.49549268129533, 714.60907716094812, 437.62792821080819, 908.40616518797719, 474.09196167930787, 939.44168727346857, 774.74625566864256, 677.40715803308501, 868.27657646793648, 876.66834331050961, 931.13009106494485, 564.29132873726019, 482.38874768475489, 335.64379014593425, 598.59808476329829, 592.87805017662242, 580.75550742207611, 519.48812274114323, 323.61504350566304, 690.56495806358907, 637.81636202983429, 678.70535164689352, 842.6252629736897, 836.54205944331932, 609.70988764173239, 938.57565691611421, 997.3334879948568, 777.7261076479241, 478.45470565737821, 765.97184634136499, 804.89079474224297, 688.42638030978378, 511.74216965062573, 790.51189503726732, 403.82717288458571, 625.44453536674257, 617.21407977475769, 932.73816623810342, 547.81166943697315, 876.19650999449925, 661.25659996463742, 800.2502696486273, 471.31020215524569, 667.54023871847596, 751.98913346600841, 783.26735060959902, 576.72571165491729, 869.09605577678451, 585.25723488675203, 965.49055978019078, 824.64724076972482, 700.49746125336992, 747.83536121861471, 683.49598686533238, 463.04860122100456, 789.90314569385498, 741.98270778118967, 730.34172455296425, 815.69714248968364, 812.03412130724826, 190.51138849407232, 499.76261840773554, 652.96314362790645, 467.63959096041486, 626.73460821139292, 971.98440645497237, 943.43975850987636, 391.2077337382712, 527.10708385923033, 991.30984815241675, 592.11930759660913, 802.11524922716376, 422.65449162035975, 385.64006697184044, 949.71970017879801, 739.91455825256151, 863.52202614364342, 596.36373667983571, 336.80725650157251, 814.06159738164661, 562.79403017956167, 559.20616712548008, 651.96448029725082, 301.45239325000392, 662.84655564673642, 775.4707355703398, 427.77171381933351, 814.55484873702687, 550.07668192057179, 773.03407797444959, 572.51418026869283, 660.01921002580229, 811.84679932480742, 633.57693755703428, 827.42094957385166, 973.35581108054384, 852.27203108469416, 424.94893167555364, 852.50707358104364, 411.84612198538184, 796.5021957449643, 463.94932391096535, 879.63021585427725, 452.79146901133521, 285.59506220515959, 382.69113722182334, 566.73170981758017, 606.10429944319492, 900.82528276622497, 304.15034440830794, 952.44012995444302, 702.42208321328337, 606.87209163726004, 714.98828845985406, 456.18758969610968, 609.1583749136181, 739.95988719481943, 947.72309456241669, 553.62557467793749, 420.46338041649273, 801.23110406887133, 438.2538957790668, 289.68117850160507, 399.93475978368571, 519.47756999170497, 708.38240515573648, 353.59305995047782, 727.09810870561262, 734.03248318325041, 722.44779637139709, 512.2457444529299, 892.50442076548256, 802.06350187385624, 897.89212108969582, 484.98968108462083, 867.67118706162046, 530.03887510564516, 300.95818622818916]
Median: 651.9644802972508
IQR Low: 139.97052324547303, IQR High: 148.15157962548426

Raw data JS Eccentricity: [0.99829491050775454, 0.99992388995452197, 0.9994317255564531, 0.99926020000535565, 0.99963293253925689, 0.99807990403444413, 0.99994849322237345, 0.97869426743745358, 0.99931526024465012, 0.97023771029644623, 0.97513607355114307, 0.99989276871239474, 0.99899655304594148, 0.9969298312073448, 0.99973642205623769, 0.99976599729355575, 0.98706022002118832, 0.99821641483376233, 0.99996632733740742, 0.99978259105647582, 0.99392333479066153, 0.9996139674569845, 0.98321855148363213, 0.99993212908700824, 0.99772967106788546, 0.99480661242252677, 0.99973439954325127, 0.99895386190753499, 0.99968213063369138, 0.99535127409911806, 0.99511920319304448, 0.98049192923732909, 0.9873977507339966, 0.98768588400061008, 0.99951759231840276, 0.98222622911761504, 0.9979585304585803, 0.99464197083183137, 0.99100139257325659, 0.97915740644079152, 0.99778160456360199, 0.99844306575162178, 0.99916292120972539, 0.99414615049762323, 0.99554410796737192, 0.99940571784339882, 0.99998235733514784, 0.98755643652570024, 0.99747853516463703, 0.98630905068881636, 0.94389078567011619, 0.99903724296129759, 0.97149163925027537, 0.57064300819039104, 0.99887817463092532, 0.98537246904066367, 0.97763941003765131, 0.9982364693632767, 0.98030956589365603, 0.99327379714232455, 0.99461968389479705, 0.99778737092340941, 0.8739283097162055, 0.99380676617162, 0.99768221690983627, 0.9941688727390724, 0.99969311133323169, 0.99790007247338541, 0.99435640123017377, 0.99330343058073245, 0.9980373479684197, 0.99915037158588815, 0.99937559953113653, 0.99925884213925564, 0.99429897519083466, 0.90054833045165805, 0.99944327722820192, 0.9959257743874449, 0.99992063063941306, 0.99965484746129973, 0.99930464740807845, 0.99898311893505132, 0.9922796998207758, 0.99993370857972608, 0.99969263326918256, 0.99946738754972764, 0.95577813726639971, 0.99983341730805508, 0.99993868583760026, 0.99513619435840173, 0.99241311259309462, 0.93465255445410156, 0.99946550886787233, 0.98355712549971996, 0.99985669146797607, 0.99882402474658227, 0.99962845682067103, 0.9999850650686225, 0.99996046715783815, 0.78033112308491059, 0.99903727217020388, 0.98533926253752624, 0.99690641658269996, 0.99980015843108738, 0.99648032531897635, 0.99895189111232729, 0.91171066869634065, 0.99662946643910821, 0.99900632581899163, 0.99923524789795837, 0.99904655345804727, 0.94412686323687822, 0.99966853641275266, 0.83709591035898412, 0.99966722462535851, 0.94640962394442862, 0.99959546143236699, 0.98847744861653997, 0.99433963992518692, 0.99472152997595964, 0.99987112994913019, 0.95555204649177128, 0.99972347523485605, 0.99215165990235576, 0.99825093810622523, 0.99698429944003242, 0.99825568189296965, 0.98496451153257991, 0.92176056658239636, 0.39993125027892384, 0.99777682899376341, 0.97254106061287937, 0.99503535269268917, 0.99898176149136531, 0.9762735198742003, 0.99853108998703988, 0.9973882066931814, 0.83156681982854319, 0.99358838678196126, 0.99120138910792088, 0.99936457954429325, 0.99849160491164446, 0.99433087751121607, 0.99882649164047854, 0.9999359000024548, 0.99977402817236682, 0.99525298846042931, 0.99587485175797341, 0.97304488507411491, 0.89162410324489205, 0.99987824366193578, 0.99993250793301902, 0.95661441351212007, 0.99978208963224213, 0.99996500307192115, 0.99546811579289285, 0.99996340194136812, 0.99910807541569135, 0.999864450172394, 0.99979258226949419, 0.97909497431506731, 0.99997921530817369, 0.99967600148115454, 0.99024922703241347, 0.99920695785856239, 0.99204371524821944, 0.96578867524812373, 0.2674682751670478, 0.9857692571294826, 0.97481227994718178, 0.9999044406248101, 0.9875659327266797, 0.99991139146819052, 0.87045412592501203, 0.9973341029756575, 0.99968621117665468, 0.99862323369112804, 0.98212254708381541, 0.99932220868019261, 0.98833433385925806, 0.99096264994117678, 0.99073505757376157, 0.9877850634603792, 0.9998565739446893, 0.90746667750369236, 0.98023111079843306, 0.99922797221035986, 0.94139582167781655, 0.99993430581009624, 0.93970257151262915, 0.99992951910255057, 0.99984234187310239, 0.99826257343450264, 0.99948365474937995, 0.99903877861348034, 0.99673320708733226, 0.99177464715975416, 0.99992610802345727, 0.99656271467203994, 0.99967610730375744, 0.99985718035668447, 0.98833542261897356, 0.99581640664999227, 0.99932955342278018, 0.99816432012020906, 0.95916606146299221, 0.98687589659170849, 0.9927184532836828, 0.99300768005342432, 0.99794812959083445, 0.99958976073760997, 0.9781476844104503, 0.99466963088491522, 0.99424414299010933, 0.99239754545614267, 0.9972410821593567, 0.99161183497481908, 0.99832293256357474, 0.99998029859724058, 0.99545819753150189, 0.99817753805728948, 0.99894822368030045, 0.99284742290854266, 0.99982139944807047, 0.99954737324416054, 0.99994990266610784, 0.99803228601913396, 0.99998896426182182, 0.99873840096117839, 0.99965010530982179, 0.99583508942004517, 0.99877067963837018, 0.99986234694523335, 0.98455807330921019, 0.99988958163203756, 0.99929772681223361, 0.999304071009811, 0.9973265045502927, 0.99738746762760622, 0.74040188931540685, 0.9971678428889188, 0.99949612472573957, 0.99861410959366359, 0.99937663229047069, 0.99930307105399285, 0.99961708313153375, 0.99914940195883828, 0.99935254998730305, 0.9959824434815826, 0.99919807182701814, 0.99867800182105149, 0.99632751460191216, 0.98227990005385124, 0.98917137206418637, 0.99591127083499953, 0.98860405858681755, 0.99888312957839331, 0.99880433706427907, 0.83399379373574145, 0.99995833245368237, 0.99889851558467257, 0.64947080541876678, 0.99670967301040658, 0.99547666766824194, 0.99389073916553805, 0.97130424510668201, 0.98779721665386289, 0.99936308057829115, 0.99960024802813952, 0.94168899040033216, 0.99797734918924519, 0.99724384873907768, 0.99897439367064467, 0.98986458478593697, 0.99993823454546515, 0.9984171940905997, 0.99887366035568914, 0.99919647950621393, 0.97043109032984887, 0.9467223564277214, 0.99848207845781101, 0.99348118482945813, 0.99898360667592712, 0.99741602846092492, 0.99346624137907025, 0.99656416125545588, 0.98488841773684099, 0.77797417820296622, 0.99806300552268645, 0.99976943312666033, 0.99647998449821218, 0.94578852989522622, 0.99976149267918213, 0.96331660677699749, 0.99565062626714917, 0.99781847489960251, 0.97550241352785527, 0.99964755784074766, 0.99989214434629525, 0.99973966793139135, 0.99990357610325553, 0.99999765505771088, 0.99969559915415218, 0.99084974157629335, 0.97681383794514431, 0.98909712607619871, 0.9994417443012461, 0.99482099100334698, 0.99812107946259965, 0.97559058372020735, 0.99965919198169839, 0.99036747721567531, 0.99947163769284786, 0.99615589877034416, 0.99908746136507554, 0.99892592495712274, 0.9983954427803905, 0.99833396087758564, 0.9977343475420597, 0.99913075097580284, 0.99609366006312638, 0.9965545851048998, 0.99934203930325005, 0.96937677741511841, 0.99731803992680768, 0.99975252807073167, 0.98458320841047564, 0.97542542972052448, 0.99997187653096498, 0.99903813164649824, 0.99883392411566063, 0.98704816372336135, 0.99564548381676032, 0.99844795332554159, 0.99422437941459441, 0.99944015664130748, 0.9966557181442679, 0.99255560427121003, 0.99119859543747835, 0.99863650169687068, 0.97517203022533694, 0.99486774822852075, 0.99829139945243839, 0.99263175796327496, 0.99950421537452694, 0.9996467247144013, 0.99842413111608963, 0.99810335990919974, 0.99942812658930213, 0.99708687379644123, 0.99870240093112372, 0.99208971869119289, 0.9998593545364961, 0.97095655785332557, 0.99988575603067087, 0.9989292448863093, 0.99573612469001849, 0.99246225016513712, 0.99879085755512076, 0.97995906195159177, 0.99953847841211907, 0.75108433081915515, 0.99762530272818861, 0.99677961316681296, 0.999902424003973, 0.99203867282137703, 0.99915432391727099, 0.99978160831599439, 0.9944706015286463, 0.97498699106392983, 0.97489118425478838, 0.99999949237808139, 0.99896370004874202, 0.99825779066898745, 0.99928205590451313, 0.99951106623113006, 0.99811834718824621, 0.9988381058433019, 0.95891950028086348, 0.99806028063878249, 0.87826853996808685, 0.99996050578844142, 0.97750594359642684, 0.98687667382768696, 0.9997530775118344, 0.97505661280285827, 0.99954925196953426, 0.99770601790115387, 0.95048949749266642, 0.99946990695676241, 0.99956961642929065, 0.99991525725443386, 0.99838661342532986, 0.99913479465103539, 0.98056320183338297, 0.99788936196890721, 0.9913976509984338, 0.99975162557106967, 0.99994949724123827, 0.79611001050268382, 0.9997310840380712, 0.98465822641216649, 0.99918726266154434, 0.98305479969395981, 0.94546135393689712, 0.98875046612190531, 0.99978832898159586, 0.99998606523662459, 0.99729964399868187, 0.95708598219216789, 0.99400843892418733, 0.99303735741324584, 0.99975825546281305, 0.99882391991768649, 0.99930113498079431, 0.99836758862950759, 0.99619898730500045, 0.99173589716283772, 0.56020997640117087, 0.99863672069772358, 0.99478384615088755, 0.9861091329648507, 0.99987295993355407, 0.98909599845597218, 0.99908649865624344, 0.99996426502037417, 0.99948793335304253, 0.99735592771976445, 0.99903264598422081, 0.99429767156309112, 0.99624543902156637, 0.99978276869791516, 0.96911737016565191, 0.98567918690489154, 0.95979182307612465, 0.99765003686515663, 0.99773976769168704, 0.99579946960485111, 0.9999524900626775]
Median: 0.997781604563602
IQR Low: 0.007230337168883549, IQR High: 0.0016543365352782446

Raw data JS masses: [0.12839974872505522, 0.13291915461745218, 1.3348949138631365, 0.43281951072128, 0.46210115816585778, 0.36214804078958412, 0.45475308257862995, 0.15960239208370872, 0.85513306279421442, 0.21097012257692832, 0.12941662889515451, 0.39396929414724025, 0.50210267482849769, 0.19511314787733947, 0.30776285256672981, 0.1465194890647635, 0.22323635994755159, 0.28310131569987174, 4.0137300967929548, 0.10262144548899624, 0.38905195030589951, 0.23311035936412716, 0.42340892232629268, 2.3088640924277923, 0.16298806871985427, 0.10832059276198536, 0.71004100513275537, 0.34509196036208944, 0.96788517791680428, 0.23660783279883382, 0.44875280768225762, 0.61652895166249133, 1.0957223960831641, 1.1284153421381411, 0.28089423812367209, 0.20483947439160446, 0.21843988769508052, 1.2538356608489751, 0.10175097076481246, 0.41531714674731562, 0.15205070335460044, 0.37415338946179633, 0.10195893468739087, 0.17304481087673088, 0.51053295515939978, 0.098233840777743997, 0.56284271344270187, 0.094085678659148853, 0.21294731816709836, 0.40860394247963505, 0.3162370845516746, 0.67191027028601058, 0.25899010920064497, 0.013023152430396581, 0.1709108511831203, 0.10808865510656278, 0.11477618053303312, 0.15630617775093558, 0.13415483070582032, 0.11822558699227599, 0.11951942740027838, 0.2006457673634833, 0.097410873516548091, 0.16098344718290958, 0.33809043603295352, 0.5327257987760412, 0.19724045566144977, 0.20152111280660126, 1.2697747560997747, 0.11015860190023911, 0.95490638527063609, 0.13358920102631267, 0.10056774694591022, 0.40830376693927345, 0.15279669862298809, 0.1808502627694144, 0.29036996590635378, 0.2611220946770656, 0.42899354218074104, 1.1213999989108601, 0.50741099431148406, 0.40498224497688368, 0.097920639138489876, 0.67079108083284933, 0.53540402766619799, 0.52653151658186892, 0.096465244651684795, 0.95172240410773412, 0.31133535082297192, 0.173361708620624, 0.24675740905320917, 0.10420731253722507, 0.12821415772660383, 0.17806277296692691, 1.2262584641346355, 0.46625313310076272, 0.25534568207953073, 0.43917686157281755, 19.471713385351435, 0.29422152395869311, 0.25923791184979667, 0.39079073023985583, 0.096317629744360575, 0.26164224927040719, 0.19563933110478329, 0.1063960415312486, 0.10940139936979261, 0.44600254172481463, 0.39276197220778852, 0.10758860939210725, 0.19985366469269841, 0.26352602268613134, 3.1723688793746403, 0.3614726989539136, 1.5860328474990555, 0.11459983244283502, 0.2241945756926752, 0.13567016062286569, 1.0105872392212545, 0.80210896318046154, 0.25310026124140655, 0.098983434677509086, 1.6461369113505564, 0.39183355633709732, 0.46993021417518188, 0.74706021754150598, 0.12237663353390055, 0.22167668404005184, 0.10349224056506753, 0.3159988740161136, 34.332556267658617, 0.25052040162254285, 0.14044688758942023, 0.13614946273321221, 0.3271316361400648, 0.24136600361555113, 0.11806272389393473, 0.46057397401910172, 0.31348009710189811, 0.37031122822620094, 0.12274436221473424, 0.094910642459671776, 0.66620822852876083, 0.66956819356847619, 16.158560928101799, 2.0750988529564682, 0.095770715938836598, 0.13294716071464585, 0.45357872721294351, 0.14116555819983057, 1.5082814890192455, 1.5954979437957739, 0.13092304889786069, 0.68576472585881509, 3.5650193038358937, 0.15229550777321332, 1.7644976803579371, 0.18544512030794966, 1.6393526687365658, 0.48875018619146171, 0.11860502962349363, 0.11309735821959589, 0.31396050842152362, 0.38982602167535219, 0.22721614872579377, 0.10412990939314894, 0.29836649871337662, 0.013023141282913807, 0.13833626111894337, 0.84247261037909615, 1.3828194079101974, 0.11623307677912609, 0.55591413507115139, 0.66097418327056279, 0.45118477580992156, 0.10858875039895381, 0.16416299554325151, 0.10688900373107703, 0.52978463171112289, 0.11193074654235566, 0.13015067298431487, 0.18558168561897609, 0.1193336334826169, 0.66428370500540135, 0.26386101680443125, 0.12126537356692561, 0.12430080886931003, 0.14079688499649567, 0.18912118071801115, 0.24965719502680925, 1.5704087718432027, 0.80463974319840859, 0.59949315818782445, 0.40381441197455398, 0.26723647919038462, 0.16790307929234238, 0.093460482455171356, 0.38621582172253643, 0.19309266379121856, 0.80471790368497709, 2.1128049430374181, 2.9813631410728725, 0.15624422765445053, 0.67946951985690596, 0.15141044987348767, 0.11401916530706153, 0.49028412800078847, 0.13204411299781174, 0.13065179138504693, 0.61286495356076875, 0.30231167380786572, 0.11347574365965026, 0.14996354824494371, 0.16930295269088055, 0.48209664103263755, 0.58940467997195534, 0.37680469768420743, 0.60368989317536548, 1.0632474811487975, 0.42714238600393473, 1.0392678294412494, 0.72718665855541131, 0.13088202218707409, 0.71882767680173709, 0.16882674649392523, 0.22712345009416088, 0.12897903763776342, 11.955107052020798, 1.4834663020998684, 14.143924703305233, 0.32281042933111065, 0.90741947881779206, 1.4495754182339018, 0.49445853951771451, 0.47019873393388828, 0.36337546481355798, 0.6809399284170744, 0.14180977931720887, 1.0937413740583735, 0.16917240322398117, 0.68713678094320174, 0.22809673833746028, 0.45241432104335738, 0.16516553828301508, 0.29632198798239018, 0.15647882097181476, 0.11690237512216715, 0.59715522667542376, 1.9442468983621528, 0.33172323951214966, 1.3243374395535199, 0.12484846939384552, 0.11338385645071063, 0.62001908291773633, 0.26846004325661826, 0.63192670522691363, 0.3454164186967516, 0.16209305801158838, 0.18069544577053007, 0.25879918356558562, 1.0025825073053025, 0.013021413157621654, 0.12769998300748481, 1.1354931098846914, 0.23200900395909327, 0.18908327848462891, 0.21240662427910822, 0.73604257743895229, 0.12262902101717822, 0.12566609075941179, 2.4296578822749257, 0.12772024016202996, 0.37417743171291196, 0.32820629311148086, 1.7561470131227057, 0.35447889973296576, 0.37565526972100932, 0.24483113254003702, 0.25292616167594095, 0.24669109097142219, 0.14548909124198456, 0.11397567160761349, 0.79505665986938168, 0.23127312399601643, 0.18892913197598221, 0.18498706981477983, 0.20477701936683221, 1.5836396882816897, 1.4296819606842737, 0.17427671234685513, 0.80422565933188273, 0.19212171017932778, 0.7065151081119514, 0.1736603415434779, 0.097145905350508835, 0.92212643682657447, 0.12594581090556684, 0.58518241891929779, 0.52007159020209692, 2.1949848446879305, 0.42069203766547419, 2.6270572739197759, 0.94145946578913065, 0.12493604345640368, 1.2517197797087614, 0.098289297117262212, 0.45617036683664719, 0.54346342644620316, 0.496304308195129, 0.32887633753866696, 0.25056563501616552, 0.23098362813557127, 0.46016010023356435, 0.19093022140080024, 0.34843674350305126, 0.11483024922264483, 0.093963503691681272, 0.10742005746217045, 0.10443394416183048, 0.13755888417604425, 1.2495778425947852, 0.39231550013998606, 0.75174901057066423, 0.17773661572625102, 0.15629995016232234, 0.10072375424941925, 0.52575284715199233, 0.24145438773342992, 0.71831314803183532, 0.74353812926141472, 0.24966340402195097, 0.096426966726238114, 0.67628378622684149, 0.13938381402861386, 0.098095799917706089, 0.16161809841622743, 0.57928809089101374, 0.18613467537684286, 0.18075243049520193, 0.12851715922788143, 0.35348573840488207, 0.25326459215973096, 0.12696849107827249, 0.4772479037915181, 0.097791277889108796, 1.4226980775443145, 0.11840879014537091, 0.27054026675386722, 0.27813594558836546, 0.16557186365630774, 0.97048674164442872, 0.10656061996734707, 0.4143122775538553, 0.1016019357703547, 0.45182170090643209, 0.094672203014102618, 0.13684558728688798, 0.23381293595928404, 0.29347654320788141, 0.097262281918938182, 0.35905342089162129, 0.013000829455463176, 0.30221761570082928, 1.4651993036974815, 1.3144020461956536, 0.58834796262972144, 0.24981172023951934, 0.16465844047560152, 0.13197821839362334, 0.24961808511298733, 0.37713323946384808, 0.21810001972173743, 0.75545786209021537, 0.63215374777080957, 0.39055551356223872, 0.30447641214167398, 0.17826956199476421, 1.9313871041669739, 0.11509785080547086, 0.1725899092911892, 0.14061103756276208, 0.53300518734570501, 0.13444107403633976, 0.60440635366479134, 0.4311845161080135, 0.35770903912736124, 0.16160824750184219, 0.11920575683827624, 0.63075921603140161, 0.45915092864410562, 0.17576748133687201, 0.25985203851547889, 4.1554680505336057, 0.22917032752201594, 0.11264131011948068, 1.0997906375175055, 0.21106723419505963, 0.30420568724114727, 0.73437645801477358, 0.55311846563580858, 0.35551698965382716, 0.20572948805649618, 0.39554033154341861, 0.17538671167356373, 0.16693444633054044, 0.12307469915749197, 1.8844977552142812, 6.7668264720341398, 0.39984751394597678, 0.21436607969806426, 0.097159700373518773, 0.09994434684304665, 0.5777576025191915, 0.5077302814980027, 0.19314458489489134, 0.62433600581789317, 0.28014397382053169, 0.17861067504583736, 0.25169328118691575, 0.17944538085102454, 0.15721719904145401, 0.1522240538616445, 0.5479583639575123, 0.14535415105315611, 0.34110705471311348, 2.4564831902406898, 0.52386445499103529, 0.28673485594992715, 0.23422876969460155, 0.25192407003400757, 0.20556828650465891, 0.43419612274813274, 0.19915356972243706, 0.15335442402843824, 0.12629483728846269, 0.09612558815852007, 2.2182088607215054, 0.14621943826917588, 0.89272789126900742]
Median: 0.26352602268613134
IQR Low: 0.11528450403127774, IQR High: 0.29099027766734864

Raw data N>2 Populations: [ 3  4  5  6  7  8  9 10 11 12 13]
Median: 8.0
IQR Low: 2.5, IQR High: 2.5


===============================
System Type & Avg. Detections:[['JuMBOs', 'JuMBOs', 'JuMBOs'], 11.0]
[['JuMBOs', 'JuMBOs', 'JuMBOs', 'JuMBOs'], 6.0]
[['JuMBOs', 'JuMBOs', 'JuMBOs', 'JuMBOs', 'JuMBOs'], 0.80000000000000004]
[['JuMBOs', 'JuMBOs', 'JuMBOs', 'JuMBOs', 'JuMBOs', 'JuMBOs', 'JuMBOs', 'JuMBOs', 'JuMBOs', 'star', 'star', 'star', 'star'], 0.20000000000000001]
[['JuMBOs', 'JuMBOs', 'JuMBOs', 'JuMBOs', 'JuMBOs', 'JuMBOs', 'JuMBOs', 'JuMBOs', 'star', 'star', 'star'], 0.40000000000000002]
[['JuMBOs', 'JuMBOs', 'JuMBOs', 'JuMBOs', 'JuMBOs', 'JuMBOs', 'JuMBOs', 'JuMBOs', 'star', 'star', 'star', 'star'], 0.20000000000000001]
[['JuMBOs', 'JuMBOs', 'JuMBOs', 'JuMBOs', 'JuMBOs', 'JuMBOs', 'JuMBOs', 'star', 'star'], 0.20000000000000001]
[['JuMBOs', 'JuMBOs', 'JuMBOs', 'JuMBOs', 'JuMBOs', 'JuMBOs', 'JuMBOs', 'star', 'star', 'star'], 0.20000000000000001]
[['JuMBOs', 'JuMBOs', 'JuMBOs', 'JuMBOs', 'JuMBOs', 'JuMBOs', 'JuMBOs', 'star', 'star', 'star', 'star', 'star', 'star'], 0.20000000000000001]
[['JuMBOs', 'JuMBOs', 'JuMBOs', 'JuMBOs', 'JuMBOs', 'JuMBOs', 'star', 'star'], 1.8]
[['JuMBOs', 'JuMBOs', 'JuMBOs', 'JuMBOs', 'JuMBOs', 'JuMBOs', 'star', 'star', 'star'], 1.2]
[['JuMBOs', 'JuMBOs', 'JuMBOs', 'JuMBOs', 'JuMBOs', 'JuMBOs', 'star', 'star', 'star', 'star'], 0.59999999999999998]
[['JuMBOs', 'JuMBOs', 'JuMBOs', 'JuMBOs', 'JuMBOs', 'JuMBOs', 'star', 'star', 'star', 'star', 'star'], 0.40000000000000002]
[['JuMBOs', 'JuMBOs', 'JuMBOs', 'JuMBOs', 'JuMBOs', 'JuMBOs', 'star', 'star', 'star', 'star', 'star', 'star'], 0.20000000000000001]
[['JuMBOs', 'JuMBOs', 'JuMBOs', 'JuMBOs', 'JuMBOs', 'star'], 2.6000000000000001]
[['JuMBOs', 'JuMBOs', 'JuMBOs', 'JuMBOs', 'JuMBOs', 'star', 'star'], 1.8]
[['JuMBOs', 'JuMBOs', 'JuMBOs', 'JuMBOs', 'JuMBOs', 'star', 'star', 'star'], 2.0]
[['JuMBOs', 'JuMBOs', 'JuMBOs', 'JuMBOs', 'JuMBOs', 'star', 'star', 'star', 'star'], 1.8]
[['JuMBOs', 'JuMBOs', 'JuMBOs', 'JuMBOs', 'JuMBOs', 'star', 'star', 'star', 'star', 'star'], 0.80000000000000004]
[['JuMBOs', 'JuMBOs', 'JuMBOs', 'JuMBOs', 'JuMBOs', 'star', 'star', 'star', 'star', 'star', 'star'], 0.80000000000000004]
[['JuMBOs', 'JuMBOs', 'JuMBOs', 'JuMBOs', 'JuMBOs', 'star', 'star', 'star', 'star', 'star', 'star', 'star'], 0.80000000000000004]
[['JuMBOs', 'JuMBOs', 'JuMBOs', 'JuMBOs', 'star'], 10.6]
[['JuMBOs', 'JuMBOs', 'JuMBOs', 'JuMBOs', 'star', 'star'], 9.0]
[['JuMBOs', 'JuMBOs', 'JuMBOs', 'JuMBOs', 'star', 'star', 'star'], 8.5999999999999996]
[['JuMBOs', 'JuMBOs', 'JuMBOs', 'JuMBOs', 'star', 'star', 'star', 'star'], 3.6000000000000001]
[['JuMBOs', 'JuMBOs', 'JuMBOs', 'JuMBOs', 'star', 'star', 'star', 'star', 'star'], 1.6000000000000001]
[['JuMBOs', 'JuMBOs', 'JuMBOs', 'JuMBOs', 'star', 'star', 'star', 'star', 'star', 'star'], 0.59999999999999998]
[['JuMBOs', 'JuMBOs', 'JuMBOs', 'JuMBOs', 'star', 'star', 'star', 'star', 'star', 'star', 'star', 'star'], 0.20000000000000001]
[['JuMBOs', 'JuMBOs', 'JuMBOs', 'star'], 27.199999999999999]
[['JuMBOs', 'JuMBOs', 'JuMBOs', 'star', 'star'], 26.800000000000001]
[['JuMBOs', 'JuMBOs', 'JuMBOs', 'star', 'star', 'star'], 18.600000000000001]
[['JuMBOs', 'JuMBOs', 'JuMBOs', 'star', 'star', 'star', 'star'], 9.1999999999999993]
[['JuMBOs', 'JuMBOs', 'JuMBOs', 'star', 'star', 'star', 'star', 'star'], 4.0]
[['JuMBOs', 'JuMBOs', 'JuMBOs', 'star', 'star', 'star', 'star', 'star', 'star'], 2.6000000000000001]
[['JuMBOs', 'JuMBOs', 'JuMBOs', 'star', 'star', 'star', 'star', 'star', 'star', 'star'], 0.40000000000000002]
[['JuMBOs', 'JuMBOs', 'JuMBOs', 'star', 'star', 'star', 'star', 'star', 'star', 'star', 'star'], 0.40000000000000002]
[['JuMBOs', 'JuMBOs', 'star'], 105.8]
[['JuMBOs', 'JuMBOs', 'star', 'star'], 84.400000000000006]
[['JuMBOs', 'JuMBOs', 'star', 'star', 'star'], 43.399999999999999]
[['JuMBOs', 'JuMBOs', 'star', 'star', 'star', 'star'], 21.800000000000001]
[['JuMBOs', 'JuMBOs', 'star', 'star', 'star', 'star', 'star'], 11.800000000000001]
[['JuMBOs', 'JuMBOs', 'star', 'star', 'star', 'star', 'star', 'star'], 3.7999999999999998]
[['JuMBOs', 'JuMBOs', 'star', 'star', 'star', 'star', 'star', 'star', 'star'], 0.80000000000000004]
[['JuMBOs', 'JuMBOs', 'star', 'star', 'star', 'star', 'star', 'star', 'star', 'star', 'star'], 0.20000000000000001]
[['JuMBOs', 'star', 'star'], 60.399999999999999]
[['JuMBOs', 'star', 'star', 'star'], 41.399999999999999]
[['JuMBOs', 'star', 'star', 'star', 'star'], 19.399999999999999]
[['JuMBOs', 'star', 'star', 'star', 'star', 'star'], 9.5999999999999996]
[['JuMBOs', 'star', 'star', 'star', 'star', 'star', 'star'], 4.0]
[['JuMBOs', 'star', 'star', 'star', 'star', 'star', 'star', 'star'], 1.6000000000000001]
[['JuMBOs', 'star', 'star', 'star', 'star', 'star', 'star', 'star', 'star'], 0.20000000000000001]
[['JuMBOs', 'star', 'star', 'star', 'star', 'star', 'star', 'star', 'star', 'star', 'star'], 0.20000000000000001]
[['star', 'star', 'star'], 91.599999999999994]
[['star', 'star', 'star', 'star'], 45.399999999999999]
[['star', 'star', 'star', 'star', 'star'], 19.600000000000001]
[['star', 'star', 'star', 'star', 'star', 'star'], 8.4000000000000004]
[['star', 'star', 'star', 'star', 'star', 'star', 'star'], 1.6000000000000001]
[['star', 'star', 'star', 'star', 'star', 'star', 'star', 'star'], 1.2]
