Raw data JuMBO Systs: [  5.  25.  23.  15.  20.  19.  18.  11.  11.  20.  26.  24.  15.  20.  19.
  17.  22.  16.  18.  19.]
Median: 19.0
IQR Low: 3.25, IQR High: 1.5
Med. Survival Rate: 0.038

Raw data New JuMBOs: [ 0.  0.  2.  0.  1.  0.  1.  0.  1.  0.  0.  0.  0.  0.  0.  1.  0.  0.
  1.  2.]
Median: 0.0
IQR Low: 0.0, IQR High: 1.0

Raw data SS Systs: [  98.  113.  109.   88.   98.   97.   97.   97.   86.   91.  110.  104.
   85.   96.   89.   73.   76.   76.   92.   98.]
Median: 96.5
IQR Low: 9.0, IQR High: 1.5

Raw data JS Systs: [  6.  15.  10.  13.  11.   9.  10.   9.  13.   5.  10.  16.  12.   7.  10.
   6.   9.  11.   7.   6.]
Median: 10.0
IQR Low: 3.0, IQR High: 1.25

Raw data JS Semi-major: [268.03588839584467, 143.11616685603798, 531.44518169361163, 651.37998308538818, 185.21866749911359, 657.91903755496514, 843.89432705936997, 891.41410071029554, 652.5633812650151, 218.72764922684766, 669.83457165962159, 186.52299368040471, 171.66854513104755, 587.1754922786298, 500.37536551984391, 237.39833661608643, 353.91436358196398, 726.59810264475254, 648.39365051346692, 757.70673685403619, 571.15247913283395, 202.26304919645565, 840.2714862290652, 486.85391098715638, 680.02692289854576, 819.18301987987343, 475.64073062649743, 630.23669535610736, 259.29723326194272, 175.26410999911019, 392.44832021283844, 302.2812723032377, 113.78906917612406, 713.16065945799187, 843.07351532821826, 215.9931392057743, 516.5679339602766, 127.35255775985114, 400.05915998836753, 413.38402612266043, 348.52553058117905, 439.28958142491695, 787.49649284879263, 245.578797376924, 572.52888259375175, 223.97796209688639, 318.2636282919479, 411.09475523584462, 860.60975037766241, 647.33802826109525, 461.18401754002224, 951.55405894030082, 612.04670613527264, 825.50513814571457, 387.88591233081701, 273.18283933607876, 366.63267829443367, 62.78275793222938, 173.84993059971319, 361.53273906889325, 406.82169851249398, 629.17460940931892, 201.15416374352924, 789.5577681907198, 140.00834734551054, 595.49163665245328, 527.40872551289226, 384.70422162083327, 311.87803475018922, 491.65298892117062, 539.08502876588, 407.08334734303139, 193.98618483659178, 648.95122176297696, 678.83149351960822, 663.35815220571635, 888.36229432442121, 524.74815411145107, 211.37568451564883, 283.54637891243618, 425.31344543339333, 627.47748719344656, 455.92327888766027, 272.25790018316548, 611.05577997749583, 696.02684345016621, 871.07399148429408, 928.10236432539614, 284.74844454492438, 207.17989877904381, 622.28043210284068, 763.62235495740629, 374.36907963233534, 599.06501466502777, 416.70030084668201, 734.65642479075916, 649.80648879365071, 87.018275433160028, 445.62687468513309, 382.44936495448417, 210.40232050369718, 490.61192564947771, 362.07651246559635, 15.840141212456331, 268.9853560360188, 795.30025499128055, 222.74242666968118, 48.325277700519848, 204.30336301525273, 176.83760520062552, 662.23331920605187, 143.49526436715175, 701.71744660668742, 791.02431182957059, 823.6037374845946, 174.67553903792341, 229.93742428520378, 643.00818028533945, 987.57781469009365, 826.2792078589332, 751.32245448708068, 453.19731802225931, 285.9336976517618, 378.93796432853622, 241.67310287354135, 242.43528907496668, 398.3607574222026, 922.14734268432017, 727.00020463590545, 371.31694625568088, 356.75406295285222, 816.44923963443136, 233.61205429756018, 158.81555443457086, 221.63396092947454, 452.07009971306042, 157.83530437791757, 872.25596540521406, 504.67068477160069, 385.59200145363565, 95.781624214057814, 412.27557902194172, 989.96965990732178, 573.6358940629683, 93.83991024617427, 707.49855973225021, 426.10820132264058, 804.61069911711593, 932.20488391871413, 162.30038381399063, 718.11415739216875, 375.96656682302711, 670.38541688729231, 807.25763479766215, 134.38900496040824, 503.62907942012868, 776.72458711608635, 341.20353876854057, 364.56421109949866, 120.32146830530706, 91.567887461462306, 306.93571456512211, 583.69208334693587, 466.70830370816651, 667.74826980730393, 207.78377471289591, 603.15931444954902, 580.2146184922542, 519.99912360481983, 844.17863760959085, 291.44108844935107, 877.25005714996723, 808.27867959854586, 642.46206955829871, 525.78479340281081, 885.30384842526735, 295.27550128339203, 317.83689047050427, 692.86634720119832, 400.99237608470622, 620.08867735033527, 830.35577189192679, 794.43443814971499, 333.91611869287311, 862.67588360954937, 793.9568972717816, 535.13918559946137, 679.9951704843578, 57.865838935001292, 780.02806517606211, 395.15657023458277, 150.97115504728757, 273.82921078113975, 225.89624168686564, 662.71669788166639]
Median: 461.18401754002224
IQR Low: 190.56238943043007, IQR High: 218.22931446196077

Raw data JS Eccentricity: [0.59727263314833912, 0.81684707966202486, 0.7577606059222306, 0.94548740131390518, 0.63896513152939727, 0.86499879910911615, 0.5661635212625088, 0.88190549294913201, 0.79728875698533175, 0.88634066760816599, 0.79300767045781517, 0.98840935461559853, 0.52841232040539021, 0.67837454565637767, 0.14046058970141426, 0.9307927099291643, 0.70225891359624482, 0.85969613129851541, 0.70319813686796817, 0.96104649616643922, 0.79954664292214195, 0.85722752526823731, 0.73941888088168428, 0.77180394931499441, 0.64852226028229565, 0.85446116880809109, 0.58953524488524811, 0.59448022911968856, 0.9479705782348663, 0.62661211933943317, 0.70539263878374514, 0.46032192982321202, 0.2741696385937758, 0.61274280805872083, 0.9034462728200271, 0.77260489891910367, 0.90283931837591236, 0.50572557009964469, 0.99856431169975279, 0.92862056755278466, 0.38433594547766065, 0.22047979166039169, 0.17696995127508719, 0.31821370626594392, 0.31406415110246222, 0.88343906307970599, 0.62269443247631262, 0.85174288477380822, 0.99863225985160653, 0.77376158653948612, 0.89200128972419424, 0.71447911361030081, 0.31797101260873206, 0.80711061373419879, 0.90305139855751582, 0.77474031611211291, 0.66854940336301227, 0.72862250651170191, 0.34630786938225655, 0.42324481213405202, 0.6186438650759406, 0.92378517967558627, 0.25056899766513085, 0.52849803443930821, 0.53606409246345754, 0.94615023745725702, 0.46502851655614352, 0.94866834983844628, 0.73937901974069875, 0.083822800775496434, 0.81642612921944846, 0.56283562468876747, 0.7834960257253839, 0.34603315275261409, 0.89372151630532537, 0.5794874861228636, 0.64648307424388729, 0.90648303947976971, 0.9298840901251878, 0.90109272177282052, 0.73153117422900438, 0.440243395842913, 0.51637533809772196, 0.767527803973168, 0.065358994625281677, 0.71045078031663123, 0.83214208414152191, 0.78796561902010132, 0.64479479103214798, 0.74692296134284764, 0.83753361053936237, 0.56046512420888317, 0.98349774161393189, 0.79162029109249321, 0.96853746822767617, 0.85745789279723894, 0.86347050708828366, 0.98386832691732473, 0.19014918196776043, 0.99147169737623297, 0.85586722015772743, 0.87906817308411012, 0.81278023921579889, 0.56321144920192401, 0.39449683446878475, 0.99081024190013312, 0.67855482204055884, 0.28160194965699287, 0.59754474883023434, 0.56219572640903925, 0.74604380843942686, 0.6449945377950701, 0.70442832945830147, 0.82127136233797271, 0.49313081680814974, 0.50314610761185097, 0.86377889099446381, 0.87740856009034596, 0.58688299830347179, 0.71595596095313863, 0.35659854116013789, 0.92159997406705474, 0.85048189628683224, 0.24783518816921477, 0.8452773441778606, 0.75009973534937824, 0.8139348936114994, 0.84855233234480576, 0.22095776588750024, 0.85392618199772741, 0.15594385536922017, 0.36095197927524658, 0.91977930533056351, 0.65950361527425194, 0.73168739191180254, 0.58635594523851819, 0.2599612864872578, 0.91972013759421001, 0.66721793869769985, 0.39058656568923528, 0.91652541082888883, 0.60821788108353314, 0.91319022195193456, 0.98895364588158674, 0.93988685746436507, 0.21674491792623349, 0.8147283674633482, 0.47618284063145999, 0.53621991655205947, 0.44408424730966412, 0.69109823590442254, 0.93931245775950822, 0.65899428434548912, 0.31006797539406616, 0.9012396944042762, 0.90718611399669391, 0.37875141900592346, 0.32138274928066757, 0.96925124718546418, 0.50488147291990493, 0.7229869148121576, 0.51886358126150256, 0.97918447030041456, 0.7869889777486021, 0.91390410032427849, 0.84904540115584481, 0.35950982399346959, 0.67199587471910593, 0.88724994563827586, 0.38382838458828245, 0.81091273287804067, 0.4760069079592319, 0.98620344889595912, 0.71146232953147981, 0.81065216902891135, 0.66120741157036456, 0.43685545496316858, 0.72994648105294002, 0.77889447717781823, 0.690159530078024, 0.87465764448113703, 0.42363429402731106, 0.59732880756269457, 0.88023821430564964, 0.44208758960847033, 0.97225897209557777, 0.77757488799675312, 0.57820232659758408, 0.50507917236723732, 0.75621237109978723, 0.95188519528275761, 0.79290051278381313, 0.71907481292645392, 0.6695624710590109, 0.70362868307116655]
Median: 0.72994648105294
IQR Low: 0.19380447654518151, IQR High: 0.13444236399885

Raw data JS masses: [0.80935828238870067, 0.45638884360987891, 0.72742380147526065, 1.2098891313755642, 1.3144169087592281, 0.63044215946536653, 0.14238356847015302, 0.63994251313667294, 0.51837520139832172, 0.44155944171378908, 0.44646879621468899, 0.15497276146444797, 0.13510510363287376, 1.0622500824079353, 0.41558813260768313, 0.35487914259715475, 1.8391964800697778, 0.50336592045155104, 0.49391400455955059, 0.37013736877332365, 0.20177421729220241, 0.22721224221483649, 0.44309753521137069, 0.1929159063283874, 0.11942354704291634, 1.085124237881528, 0.22590394884774631, 0.20900347258866309, 0.82110307973172469, 2.4124449104703132, 0.44809380302358165, 0.10163825840527632, 0.48888204869021412, 0.39706515815324889, 0.22014843969152234, 0.97387531502509417, 0.2870988461280965, 0.85957821904683951, 0.47022204292129466, 0.1255520812184589, 0.40235578350715007, 0.14839154857154949, 0.63521734566587329, 1.3497788877685908, 0.11413065659061064, 0.53421935014228739, 0.53283228246870418, 0.25572773425531414, 0.096768624414998214, 0.1613592762018739, 0.14912413536068697, 0.16191588329426032, 0.1789169409033296, 3.7309125287233731, 2.2452528784803025, 0.12314139689287128, 0.3979137913884403, 0.50769154327967103, 0.25844893772785316, 1.1758371496361579, 0.60683069969942227, 0.46160593730062344, 0.48328576261607709, 0.18310368327294757, 0.13539586678194421, 0.52736846810723104, 0.88734924362741485, 4.3617189516569441, 0.13090409299375738, 0.13745096781910815, 3.6100014108145939, 0.92964930246044741, 0.18697900619271712, 0.37721794060018837, 0.22745690034209701, 0.28269103381595928, 0.32931944526514678, 0.11925883309561131, 0.36649257252680484, 2.2069373724282846, 0.16289394879448096, 0.66472934857041865, 0.29350963694290821, 0.1033267874486536, 0.16708439715874429, 4.6860215675958461, 0.46660780879335606, 0.13506783029632041, 0.64984036035231674, 0.39439222369424043, 2.1628923130839461, 0.69917676965190778, 0.78235126332742144, 1.9395296509507094, 0.11260240546310143, 0.42997547541826614, 0.11675880843085019, 0.2943467726699196, 1.9727832467734643, 0.17879700990770828, 0.14536197395227313, 0.11878605611595308, 0.33853730283115663, 0.097160875197577892, 0.13898484610831774, 0.34696392400609966, 1.3727723331507278, 1.1310727800105411, 0.17778642390354005, 0.15487194743757388, 18.329660109744847, 0.25095942414243572, 0.64986310251518908, 0.43454355450890703, 0.12883536159396136, 0.12555072585776003, 0.26218439865105564, 0.15046859157955833, 0.95686055145170923, 0.330735805362183, 0.11936724762000152, 0.7829312458766704, 0.5644658521705751, 0.56348545963962404, 0.13415173725069612, 2.2541510872840962, 1.2864417978721585, 6.3306544883537503, 1.4452313720222987, 0.60077480525042248, 1.123816472064846, 0.61977614066465248, 0.13708184539534149, 0.13355851265995458, 0.10826415792569244, 0.4918216606693781, 0.62758519237973109, 0.70472523444499413, 2.259621030105547, 0.85454478001745271, 0.49773045750393574, 0.64902655489900363, 0.28434400152473999, 0.67758436227822416, 0.83012897138331465, 0.65840597806378498, 0.21679239080627793, 4.4452834066542941, 0.51454834149379869, 1.13967576563168, 0.11608177972479665, 0.66318597256720146, 0.77611058462361404, 0.43723919059638444, 0.11129063061207352, 0.23278785172347222, 5.3589256986555975, 0.19408180909726763, 1.4690000910520051, 0.45576633881852491, 0.39986907506574421, 0.12733641549206301, 0.32799901690281763, 0.37973133733792414, 0.394120556105235, 0.12232821393811134, 0.26762474804439035, 0.32364195777311833, 0.16978122803994117, 0.67444768098265495, 0.67078632794321624, 0.48904185183059362, 1.5872802117163625, 0.68235395600146531, 0.87011516374582387, 1.5583574681647034, 0.51866741135187544, 0.22358754526110974, 0.34113120725030682, 0.35033498177695449, 0.19125470408380826, 0.39556528903725652, 0.16990516580868539, 0.3415060201286283, 0.56828376187670526, 0.36154138413678616, 0.37965486371724944, 0.71508290032141775, 0.72445390026665446, 0.16856239913821908, 25.021725286203839, 0.17151686610246863, 1.1219023311389622, 0.43303191812842934, 0.31378447971125256]
Median: 0.43303191812842934
IQR Low: 0.24391506299016663, IQR High: 0.28673648216560677

Raw data N>2 Populations: [3 4]
Median: 3.5
IQR Low: 0.25, IQR High: 0.25


===============================
System Type & Avg. Detections:[['JuMBOs', 'JuMBOs', 'star'], 0.25]
[['JuMBOs', 'star', 'star'], 0.25]
[['star', 'star', 'star'], 2.1000000000000001]
[['star', 'star', 'star', 'star'], 0.050000000000000003]
