Raw data JuMBO Systs: [ 21.   8.  12.  14.  14.]
Median: 14.0
IQR Low: 2.0, IQR High: 0.0
Med. Survival Rate: 0.028

Raw data New JuMBOs: [ 1.  0.  2.  0.  0.]
Median: 0.0
IQR Low: 0.0, IQR High: 1.0

Raw data SS Systs: [ 90.  72.  84.  72.  66.]
Median: 72.0
IQR Low: 0.0, IQR High: 12.0

Raw data JS Systs: [  7.  15.  13.  10.   7.]
Median: 10.0
IQR Low: 3.0, IQR High: 3.0

Raw data JS Semi-major: [567.50837684291855, 399.22692388910207, 740.40177583700347, 278.62372390847759, 620.58471981655987, 731.5785723656262, 328.67008284097795, 246.05741923173193, 783.59268092117429, 89.84026531314791, 106.51566188509952, 192.24984380426383, 148.59301717821845, 982.14115047663063, 240.44710614751389, 612.2148720749118, 301.00047103142003, 289.98593145955726, 189.75115550066491, 353.80961866426475, 428.13016095238561, 56.187504601470593, 312.03564724055474, 95.534885507115462, 191.07902017381667, 346.45670474145635, 712.89522195325719, 141.0475299056738, 63.795799520857713, 500.50520362095813, 121.64590474809648, 843.65485803779438, 470.0142860156763, 256.23755550510475, 449.66299324490865, 937.40696549678808, 761.46685833719016, 484.76106284702109, 140.49067754594535, 457.70842883961393, 94.23011845414473, 318.12288185591922, 109.08406882268969, 255.1772658028307, 421.05709748035531, 391.00123254282062, 449.44740157936371, 463.61679093454069, 867.51851040922611, 662.85874318913341, 590.07504074510075, 149.69039205579767]
Median: 350.13316170286055
IQR Low: 159.38610769733182, IQR High: 223.0168811156035

Raw data JS Eccentricity: [0.46015741614889377, 0.71867860863866229, 0.69075368644735846, 0.89449901556644829, 0.60730949667933043, 0.37110941288669497, 0.64282046661678982, 0.77556058619379675, 0.64342973236779744, 0.79295804784178536, 0.95309135449174875, 0.48557131191566333, 0.96604696512394328, 0.39490300658770178, 0.51296429846103275, 0.64060685535186579, 0.23182552809758764, 0.65224251026151558, 0.8160276396310755, 0.36707786288454575, 0.71862568010437111, 0.46171959384075784, 0.89964628917161182, 0.9101861610077725, 0.76453400176470121, 0.4847772126214519, 0.83313079079691532, 0.61834703654090128, 0.43071107052989999, 0.70500378076858583, 0.26684207740258503, 0.11189176864693152, 0.33903880264114156, 0.25890363958316281, 0.56366546872740209, 0.7921760719102019, 0.35849701788395749, 0.58337224590631098, 0.70109422085043793, 0.88741849240554294, 0.54085938528894273, 0.35124214677967208, 0.57605579800396978, 0.96845977778504277, 0.95981536454383876, 0.62696447437671243, 0.48818992706356329, 0.91000961261041979, 0.71164543964566418, 0.14604506877894263, 0.76638962094221419, 0.90602129565786116]
Median: 0.6417136609843278
IQR Low: 0.18038461156653596, IQR High: 0.15065790490876996

Raw data JS masses: [1.4905409969637322, 0.65161628705870989, 2.4106893665885236, 1.1043196756770317, 1.2161371737278117, 0.3614726989539136, 1.0342178660212602, 0.68482478730077401, 0.38188418194103751, 0.52593412115682925, 0.12688530657667133, 1.1080805647135406, 0.12585443058630022, 1.9861582660831489, 1.2538356608489751, 1.1269324755903609, 0.1224018192049013, 0.31187127120501756, 0.15039686607725078, 0.29438468282442204, 0.56047635121337358, 0.29368416582967083, 0.64409563220802446, 0.45559875458479393, 0.53271640881067039, 0.10349882344516605, 0.1615748165552045, 0.11052644045084588, 0.09801703681590529, 0.52259789160501124, 1.1832379068249979, 0.33291108763358612, 0.4269863533045965, 0.98586228039978308, 2.7175413331390428, 0.77852794953279159, 0.18726095091511513, 0.43266741158627936, 1.4125238316233175, 0.14124419591583329, 0.12403593624310928, 1.6219987968100142, 0.11312493091380207, 0.15401227798782272, 0.14386361210839055, 0.34718822508854436, 0.65798679434660923, 0.79079285384365205, 0.57184921938651301, 1.0734238296547169, 0.098371385988144586, 0.64448279099264272]
Median: 0.5242660063809202
IQR Low: 0.36458182446756116, IQR High: 0.5197533505487041

Raw data N>2 Populations: [3]
Median: 3.0
IQR Low: 0.0, IQR High: 0.0


===============================
System Type & Avg. Detections:['JuMBOs', 0.80000000000000004]
['star', 0.40000000000000002]
