Raw data JuMBO Systs: [  7.   4.  14.   5.  11.   6.   9.   7.  10.   6.   9.   8.   6.   9.  11.
   8.   6.  11.   5.   9.]
Median: 8.0
IQR Low: 2.0, IQR High: 1.25
Med. Survival Rate: 0.016

Raw data New JuMBOs: [ 0.  0.  0.  0.  0.  0.  1.  1.  0.  0.  1.  0.  1.  0.  1.  1.  1.  0.
  0.  1.]
Median: 0.0
IQR Low: 0.0, IQR High: 1.0

Raw data SS Systs: [  85.   96.   89.   68.  110.  111.   82.  105.  101.   93.   74.   95.
   91.   98.   93.  105.   97.   94.   97.   91.]
Median: 94.5
IQR Low: 4.0, IQR High: 4.25

Raw data JS Systs: [  9.   9.   5.  15.   8.   8.   8.   8.  14.  12.   8.  13.  12.   7.   6.
   8.   8.  11.   9.   8.]
Median: 8.0
IQR Low: 0.0, IQR High: 3.25

Raw data JS Semi-major: [129.22630042728292, 36.075290096488253, 93.551700795908033, 192.20812579951422, 162.91917838292505, 585.77046673810094, 475.81312467289229, 302.28288159769863, 191.05124284205991, 465.87398493373371, 126.16940524873041, 380.16285324135231, 264.72471290315821, 853.25246530028016, 112.32571961783948, 24.010317624695578, 710.61348925185746, 969.37355742005082, 289.1463270500451, 155.63028996966179, 20.206846711026973, 26.408416154980593, 621.27204612578964, 852.77084890705748, 76.355697807547756, 63.895268659751572, 408.75508495504653, 937.96348346015486, 321.00352898540126, 432.12338795966781, 860.11847124111659, 133.65518552282057, 100.49116710585642, 411.97293443279261, 197.91613090286646, 844.15424672672327, 117.82177119823312, 61.809411284579426, 182.42976853890846, 271.9905906461259, 366.67370260127962, 405.90656942871789, 608.66386587991497, 856.41057117891489, 429.61771356605851, 42.501820106244033, 174.54125514033265, 644.90632928913658, 478.38222202008848, 204.82431364268876, 412.18416480891068, 898.05145260022118, 718.91541451274031, 129.86199616177794, 197.2349867860265, 287.27740536903423, 147.56493510141644, 532.21576306098359, 152.79132678825167, 764.02205257478158, 267.79134328776649, 365.6271245098747, 664.06866976142351, 78.860325407500156, 833.31428244576853, 490.27706895522806, 580.70617346875758, 152.95415636170677, 340.42170935164552, 68.899108767953237, 591.83234940034822, 254.11449455587248, 69.868727009946099, 884.22705548280089, 526.77281207451074, 477.63847533762208, 75.745546349912871, 503.22689458521853, 468.14536523885255, 138.77938137438406, 204.2946288627754, 364.67875442979943, 210.9339713309927, 119.31861631522665, 698.15692934364154, 233.09995991878287, 30.203366727215393, 598.95333345159554, 889.60688353561773, 30.314326863243238, 181.34192312256167, 186.44835449748049, 338.60901859305835, 460.83271408894865, 47.706395216238882, 734.12062161852691, 78.363483657373607, 171.4120486654983, 91.103371077813833, 241.96000647905544, 373.13850488565612, 396.27572021895867, 453.69787880445409, 440.80882108231339, 451.38919388532508, 78.639646173538225, 492.92021898024046, 48.742719038570904, 134.62823279994197, 149.65366575058181, 79.72665681954048, 457.85999613287544, 44.725371294017272, 369.45057721823468, 876.86189810911515, 382.83389748629213, 462.48232686048362, 899.49109804868272, 225.59938470431445, 89.431432373269075, 837.47496681723919, 518.32355430859059, 138.62758240435087, 529.30712909944214, 768.21266823624546, 199.21862576450212, 726.76156486022921, 814.31921808694301, 409.34812481344568, 82.590501177543274, 436.71361444706645, 331.9857591651068, 613.26963983263965, 443.92524127174397, 626.23240660507372, 459.54968849637663, 339.32504253328773, 442.66742225939203, 305.24519355730274, 139.96539546910265, 518.64427191986169, 318.72330352326304, 132.74030971836095, 398.37983177125511, 182.19312585860888, 635.81446058849315, 630.98634976112612, 343.5283969326025, 561.67751851606431, 972.25358987891934, 85.176543714967309, 461.77350981038177, 207.10460932833755, 354.70718418376657, 78.281377549147535, 664.46277743161318, 11.411824213457281, 594.66001980923659, 200.43914862496126, 367.83237417023679, 182.10105168397857, 173.55402736859534, 135.41503437504551, 115.01110788983529, 299.70265041118364, 243.72093761641665, 53.422103508606718, 229.06303817331124, 437.95286962551808, 770.42304736530104, 675.8326509155853, 913.91877367596828, 200.21494637223273, 295.96988627610392, 56.44586750467866, 151.06850780289966, 127.70741228674481, 345.13448892459104, 79.650043263429055, 959.99451848187596, 47.35070475281902, 388.73709503504995, 303.41274361416896, 417.38316411966275, 864.0912767820779, 112.82720668147786]
Median: 335.2973888790826
IQR Low: 196.22150398101888, IQR High: 183.26670363796137

Raw data JS Eccentricity: [0.72039318587462176, 0.85372253958715105, 0.53562937281373002, 0.8334375694224303, 0.72457743896566906, 0.54530272247570777, 0.88173663725821361, 0.49054104464308718, 0.37819069949996403, 0.95987086946331257, 0.70902369848728974, 0.99279373823519124, 0.76953907354646056, 0.63950452202661545, 0.80342131123332561, 0.83223459782833786, 0.32666528336234019, 0.45337757300034526, 0.45846325972973467, 0.94931882232209408, 0.76977307027523334, 0.97547000545445972, 0.86612688735766918, 0.4051242338669781, 0.16389198578213518, 0.60940932775424195, 0.04906419214145518, 0.55772937735656325, 0.28379116558388262, 0.81506677814748152, 0.43866134058038819, 0.74336393938175249, 0.48948443935262254, 0.96801518781966145, 0.7359666228118632, 0.35371664845884576, 0.16832127244253769, 0.54759521562169478, 0.77465706991288652, 0.92758362314891352, 0.73356655938201765, 0.35126604910795584, 0.87118476151997437, 0.51147436557304493, 0.4763286705421006, 0.59458766484754666, 0.76964310928368407, 0.38741274336273085, 0.65122979443841145, 0.85001096364013617, 0.51520482082019381, 0.79329769277499129, 0.6229904458544574, 0.44513753402616252, 0.80644209726705129, 0.96809065156367091, 0.40670194481269917, 0.73413381612217443, 0.57400777455936769, 0.51935101833466724, 0.61438395564236237, 0.31670981132973264, 0.53766366156238765, 0.85923295874343475, 0.76942100489198484, 0.6472562995476896, 0.17643632087114325, 0.74561580833128283, 0.62373141881152427, 0.98336666916901128, 0.64937544132024594, 0.93844099369537759, 0.98112140939739745, 0.17773281452562339, 0.82481025646099226, 0.98198714647158059, 0.2569583712784359, 0.5185749697630474, 0.64332924808550696, 0.78097395277149118, 0.562036223420323, 0.69308204752959413, 0.93355845616198974, 0.30894422333055838, 0.68021321065388607, 0.26476916239750653, 0.11862729668889001, 0.71782682431869327, 0.87956037028226219, 0.82548286344292521, 0.92465680740920997, 0.49674697046931759, 0.81568858712212589, 0.70695692282079525, 0.79277357038116203, 0.91427979460027009, 0.060135061554985013, 0.6644532656533495, 0.95214414687762783, 0.77305890063091154, 0.65594523851472375, 0.83628848967086056, 0.66593533833586627, 0.40501739272594844, 0.46181963126970815, 0.10139267941700258, 0.92862138480225287, 0.77180437879607577, 0.81043048612234181, 0.88015543924424811, 0.68466685530284765, 0.78641195595288793, 0.99281902328294136, 0.86944243961763001, 0.14256489936272074, 0.99296244126491551, 0.85736521918400133, 0.96144423131924395, 0.96630179389607196, 0.77962976043775878, 0.94180472654648295, 0.35872984979906863, 0.45918993083582277, 0.46832323390655561, 0.90180545606122942, 0.81830609520212061, 0.43635194461275006, 0.62236764933709365, 0.73147912748405908, 0.9715571667098124, 0.34448088624650908, 0.6296386050542343, 0.65483173709693387, 0.92115401090053772, 0.64384321559648428, 0.25981775777810584, 0.4735189280560666, 0.3285255747791751, 0.85595883094694414, 0.50650049394427687, 0.37958892686431706, 0.83866303232679318, 0.95370093390684973, 0.52644350136400353, 0.81968071568734402, 0.9045486837994281, 0.87199095053367781, 0.31850547370779742, 0.27674332933779205, 0.51224095654682889, 0.75925986281216318, 0.9078283123468901, 0.73263913281329918, 0.83960974990484916, 0.97197306972495867, 0.22552229893887943, 0.63638123465804097, 0.78929603550838356, 0.90264075967811208, 0.54747751195568095, 0.25692386591950572, 0.51182500710033052, 0.92949039333067196, 0.62640262837172911, 0.3476349078687947, 0.52018297910484401, 0.46912062734419252, 0.29252267973750296, 0.99572428789589862, 0.94212020060840285, 0.43879208814301834, 0.42332532641114651, 0.46947459897965232, 0.74203158927282598, 0.82666715498998156, 0.76422662155708787, 0.24454705693401851, 0.77384524488528406, 0.78955376634474617, 0.4384924777324854, 0.63067068984835106, 0.71416173286787066, 0.8082997456738017, 0.3003903210643018, 0.77860745802418962, 0.49232037476665214]
Median: 0.6888744514162208
IQR Low: 0.21966533116316334, IQR High: 0.14670130819253213

Raw data JS masses: [0.15923544991223931, 0.21354924673311923, 0.44200123761220533, 1.1790519772764869, 0.17511906428126151, 0.40751918736716036, 0.78724636133885584, 0.12707660901836895, 1.429513080913414, 1.0677647581759073, 0.65639228167092922, 0.12081914509831987, 0.20601808915645342, 1.2694214565405979, 0.3928453605999071, 0.25609453287262418, 15.851413142433653, 0.27258136533299987, 0.31983665754309909, 0.58088057735801635, 0.28409600517899414, 0.2271150275649168, 1.173409675499953, 0.14146652917885727, 1.154897750728088, 0.095953696482880088, 0.47259295717594885, 0.12483981128163861, 0.20529561784982392, 0.32648328239250601, 1.0787102885317161, 4.2051334330676546, 0.31347144303824553, 0.29277543594848804, 0.10032975549297553, 0.25150179542915896, 0.26832146669871676, 0.11950668200903444, 0.90630359497515622, 0.88113165023238793, 0.91015045546116924, 0.84996677958979705, 0.69728785200774157, 0.61683865819106143, 0.30465325520693604, 5.898019359000644, 1.5914080493556455, 0.28718878592693842, 0.30034273154226626, 9.6220521967928327, 0.1395426512419575, 0.17154455257601739, 1.4630073585453991, 0.3076423083568533, 2.2938113749023636, 0.096734288604572727, 0.2989459279010428, 0.31189147186622102, 0.67163599053864675, 0.29760373518897942, 0.25789585037500445, 0.09948063617031451, 0.48239935852104521, 3.0731399366475407, 0.22952937148791414, 0.35610149344454556, 0.10869331879803409, 1.8156130116219682, 1.4576632590240908, 1.3298727521792981, 0.13227549205771211, 0.12054887157046726, 0.2486321008648614, 0.2438766247644473, 0.21775649695102633, 0.13432220897344255, 0.31202355258682835, 0.1951125084273122, 0.25507806268368294, 0.22203225029536897, 0.11998592982782527, 0.14071442028548811, 0.98026118423073871, 0.403242829449451, 0.14937135966722248, 0.38070132199714324, 0.22882729419592127, 0.38384461858605146, 0.12404490137658192, 0.22374637052917737, 0.1087414474569441, 0.12594260093543022, 7.0771696026848447, 0.49202422775675125, 0.45046557143507604, 0.49008727102097882, 0.14465365674573563, 0.16847695879469921, 0.86760719763859984, 0.38015651085163549, 3.865438570752338, 0.10533473258508748, 0.28006903933229849, 0.53015945574314882, 1.2447292767750704, 0.15084345412058053, 0.3818791282611555, 0.52921103983815998, 0.26832708365990843, 0.50252213474321594, 0.13293001299599608, 0.67628132303432531, 0.25318033943459206, 0.79835649941522935, 0.29509130672140677, 0.49413753635567403, 0.15369957388594727, 8.9007206743651128, 0.17298982062726495, 0.10819762408243064, 0.20924126571611742, 0.35745350065724507, 0.66843858997936023, 0.25319969623932198, 0.16929053032423713, 0.16639743241174149, 0.76537054165624818, 0.1394630768110218, 0.32563859099096404, 3.1285139621779638, 0.38968080938020316, 0.16890081300008053, 4.5569020091688621, 0.48543624915028033, 0.55965219351624274, 0.67106820790836375, 0.20214683960947649, 0.41009545830255262, 0.25750549805789563, 0.72697664932869754, 0.82657218914863961, 0.45306767482278443, 0.60899340835566595, 0.27750376252559866, 0.18068097586804474, 0.27218743426214143, 0.27451497860694984, 0.49680810496742178, 0.21344665676070293, 0.72432602486719777, 0.11570839739284901, 0.27737801868021539, 0.14494040187361221, 0.48372069808162121, 0.46220508783317621, 0.17034972350442837, 0.28521068673805156, 0.69863465636135891, 2.6920400091362735, 0.13206632996385681, 0.5718982578153704, 0.63491842852743019, 0.1793186004152347, 0.66649512200387273, 0.25725812754479505, 0.97637849607208427, 0.29661873974681069, 0.3086736281395322, 0.15581366666900015, 0.28271571252750244, 1.3166394777357018, 0.22273270562211706, 1.065864026023934, 0.11821404190855862, 0.11912482473714271, 0.10062617735707265, 0.13778546528306826, 0.16898631957833202, 0.34782499855884014, 0.20904868557126985, 0.9072940412470345, 0.45784011857073575, 0.43124629568746292, 0.42300635424809052, 0.38612875371996241, 0.6878713349673804]
Median: 0.31028255000287663
IQR Low: 0.12599369099501503, IQR High: 0.3601282534232363

Raw data N>2 Populations: [3 4]
Median: 3.5
IQR Low: 0.25, IQR High: 0.25


===============================
System Type & Avg. Detections:[['JuMBOs', 'JuMBOs', 'JuMBOs', 'star'], 0.050000000000000003]
[['JuMBOs', 'JuMBOs', 'star'], 0.40000000000000002]
[['JuMBOs', 'star', 'star'], 0.10000000000000001]
[['star', 'star', 'star'], 1.75]
